,rank,category,name,price,product_id,isRocket,discount_percentage,rating,rating_total_count,is_out_of_stock,brand_name,shopping_fee,reviews_for_last1year,사이즈,색상,재질,인테리어,스툴,거울
0,1,184606,[삼익가구]릴리 골드 팔각 대형 전신거울 600x1800,51900,1152453285,False,59,4.5,105.0,False,삼익가구,착불배송,103.0,NULL,NULL,NULL,NULL,NULL,NULL
1,2,184606,"다우드 프리첼 화장대 + 의자 세트, 화이트",58400,6782689,True,0,4.0,1037.0,False,,0,244.0,600 x 400 x 740mm,화이트,합성목재,NULL,NULL,NULL
2,3,184606,"소프시스 미니화장대, 티크판넬 + 화이트",37840,19327807,True,0,4.5,451.0,False,소프시스,0,113.0,400 x 245 x 300 mm,화이트,합성목재,NULL,NULL,거울 있음
3,4,184606,"프리메이드 미니 화장대 좌식화장대, 화장대 서랍함(워시옹이)",21900,56705602,False,0,4.5,3361.0,False,프리메이드,0,216.0,W400 X D240 X H300 mm,NULL,PB,NULL,스툴 없음,거울 있음
4,5,184606,"apex 아미띠에 입식 화장대, 화이트",38800,63242351,False,0,4.0,647.0,False,Apex,착불배송,208.0,600*395*725,NULL,PB + MDF,NULL,스툴 없음,거울 있음
5,6,184606,"채움 가베라 600 | 800 입식 화장대, 02_가베라 800 화장대is 네이비",54900,261101031,False,0,4.5,48.0,False,채움,착불배송,47.0,NULL,NULL,NULL,모던/심플,스툴 없음,거울 있음
6,7,184606,"데코라인 자인 좌식 미니화장대, 화이트 + 브라운",70000,1436574647,True,0,4.0,159.0,False,데코라인,0,113.0,NULL,화이트,NULL,내추럴,NULL,NULL
7,8,184606,"동서가구/착불 위너 제이 확장형 화장대 거울세트 DF917169, 메이플화이트콤비",92900,1679218707,False,39,4.5,195.0,False,동서가구,착불배송,187.0,NULL,브라운,NULL,내추럴,NULL,NULL
8,9,184606,"아미띠에 800 좌식 화장대 B타입 매입형, 화이트",37800,5489029,False,0,4.0,390.0,False,아미띠에,착불배송,155.0,800*395*350,NULL,PB + MDF,NULL,스툴 없음,거울 있음
9,10,184606,"[삼익가구]보이스 멀티수납형 원목 화장대 세트(스툴포함), 내추럴",129780,1334452679,False,63,4.5,120.0,False,삼익가구,착불배송,120.0,NULL,브라운,NULL,내추럴,NULL,NULL
10,11,184606,"파로마 베시 LED 서랍 수납화장대 원목다리 화장대, 화이트",115900,5031784345,False,56,4.0,88.0,False,파로마,착불배송,64.0,NULL,NULL,NULL,NULL,NULL,NULL
11,12,184606,"삼익가구 아이니 초대형 와이드 전신거울 600, 오크",40900,166991066,False,54,4.5,146.0,False,삼익가구,착불배송,112.0,600x60x1700,NULL,MDF+PVC,NULL,스툴 없음,거울 있음
12,14,184606,"파로마 데이지 원목다리 650 화장대, 크림화이트",94000,344074265,True,5,4.0,74.0,False,파로마,0,66.0,NULL,화이트,NULL,모던/심플,NULL,NULL
13,15,184606,"소피아 600 좌식화장대, 오크화이트",41900,4743982488,False,50,4.5,52.0,False,,착불배송,40.0,W600 X D395 X H350mm,NULL,합성목재,NULL,스툴 없음,거울 있음
14,16,184606,"노바리빙 문걸이 수납 거울 화장대 롱후크, 화이트",48590,201113298,True,7,4.5,318.0,False,,0,163.0,NULL,화이트,철제,NULL,스툴 없음,거울 있음
15,17,184606,[삼익가구]릴리 골드 팔각 초대형 전신거울 900x1800,67900,1173504740,False,54,4.0,97.0,False,삼익가구,착불배송,94.0,NULL,NULL,NULL,NULL,NULL,NULL
16,18,184606,"퍼니하우스 헤라 확장형 와이드 서랍 수납 책상 화장대 일반화장대, 화이트",89900,1096447411,False,48,4.5,35.0,False,퍼니하우스,착불배송,35.0,NULL,NULL,NULL,NULL,NULL,NULL
17,19,184606,"루나 수납 화장대세트 수납형스툴 포함, 01.루나수납화장대세트(수납형스툴포함)",79900,4970133429,False,55,4.0,33.0,False,리비니아,"30,000",33.0,950*400*1380mm,혼합,합성목재,NULL,스툴 있음,NULL
18,20,184606,"특급배송 파로마 에일리 600 수납_서랍 화장대 사은품 4구포터블조명증정, 특급배송/화이트+4구포터블조명",56900,4575173103,False,55,4.0,29.0,False,파로마,착불배송,8.0,NULL,화이트,NULL,모던/심플,NULL,NULL
19,21,184606,"홈인퍼니처 삼나무원목/화장품정리함/좌식화장대/벨르 서랍형 미니화장대, 벨르(小) 서랍형-내추럴",26900,5315410,True,0,4.0,150.0,False,,0,51.0,268x238x250 mm,베이지,원목,NULL,NULL,거울 있음
20,22,184606,"키키홈 LPM 1200 확장형 멀티수납 화장대, 화이트",179900,147277371,False,0,4.5,353.0,False,,착불배송,160.0,NULL,화이트,NULL,모던/심플,NULL,NULL
21,23,184606,"무아스 LED조명거울 화장품정리함 뷰티박스, 화이트",37900,138977155,True,4,5.0,255.0,False,무아스,0,97.0,NULL,화이트,NULL,NULL,NULL,거울 있음
22,24,184606,"포메리트 파스텔 미니화장대, 핑크",16650,1973137,True,46,4.0,222.0,False,포메리트,0,30.0,324 x 240 x 250 mm,핑크,합성목재,NULL,NULL,거울 있음
23,25,184606,메이크업 라이트 4구 LED 화장대 조명,9800,1720264360,False,74,4.0,21.0,False,파로마,0,22.0,NULL,NULL,NULL,NULL,NULL,NULL
24,26,184606,"삼익가구 [삼익가구]헤딘 대형거울 화장대 세트(스툴포함) 일반화장대, 화이트",124900,203500042,False,51,4.5,29.0,False,삼익가구,착불배송,26.0,NULL,화이트,NULL,모던/심플,스툴 있음,NULL
25,27,184606,"블루밍홈 카스카 콘솔테이블 800, 화이트",41700,224642196,True,5,4.0,192.0,False,블루밍홈,0,151.0,80x30x74,화이트,합성목재+철제,NULL,NULL,NULL
26,28,184606,"블루밍홈 녹스화장대, 화이트",102900,38848770,True,34,4.0,407.0,False,블루밍홈,0,88.0,"화장대 : 60 x 40 x 136 cm, 스툴 : 38 x 28 x 47 cm",화이트,합성목재,NULL,38 x 28 x 47 cm,거울 있음
27,29,184606,"베스트리빙 헬싱키 콘솔 + 거울 + 스툴, 내츄럴",228000,62468285,False,0,3.0,270.0,False,베스트리빙,0,42.0,"콘솔(900 x 420 x 1240 mm), 스툴(300 x 300 x 358 mm)",브라운,합성목재,NULL,,거울 있음
28,30,184606,"퍼니아트 니엘 화장대 일반화장대, 화이트",136000,18902829,False,0,4.5,193.0,False,퍼니아트,착불배송,57.0,가로)101.5cm~180cmX(세로)41.5cmX(높이)1450cm,NULL,합성목재,NULL,스툴 없음,거울 있음
29,31,184606,"베스트리빙 코펜하겐 좌식 화장대, 내츄럴 화이트",67400,34860616,True,3,3.0,309.0,False,베스트리빙,0,43.0,800*450*370,베이지,합성목재,NULL,NULL,거울 있음
30,32,184606,"바로방가구 데이지 미니 좌식 원룸 학생 전신거울 화장대 일반화장대, 화이트",64000,312862522,False,52,4.0,66.0,False,,착불배송,65.0,NULL,화이트,NULL,모던/심플,NULL,NULL
31,33,184606,"미코퍼니처 에이디 LED 조명 수납 화장대, 그레이",159000,216548891,False,0,4.0,42.0,False,,착불배송,25.0,NULL,화이트,NULL,NULL,스툴 없음,거울 있음
32,34,184606,"셀레스타 프리티C 덮개식 거울 좌식 화장대, 화이트_AAG31A",27900,5116915927,False,39,4.5,84.0,False,,0,49.0,600 X 250 X 410,NULL,합성목재,NULL,스툴 없음,거울 있음
33,35,184606,"사사가구 코비 서랍형 전신거울 수납화장대 전신거울화장대, 화이트",72900,2104268607,False,64,4.0,177.0,False,사사가구,착불배송,89.0,NULL,화이트,NULL,모던/심플,NULL,NULL
34,37,184606,"소피아 800 좌식화장대, 네이비",49900,4744696380,False,44,4.0,108.0,False,,착불배송,76.0,W800 X D395 X H350mm,NULL,합성목재,NULL,스툴 없음,거울 있음
35,38,184606,"라자가구 위드 심플 600 화장대 스툴 의자 세트 cw131, 메이플+화이트스툴",89000,1439812359,False,47,4.5,21.0,False,라자가구,착불배송,21.0,NULL,브라운,NULL,내추럴,스툴 있음,NULL
36,39,184606,"데코라인 산타나 좌식화장대 800, 상세 설명 참조",49800,291480690,False,59,4.5,20.0,False,데코라인,착불배송,17.0,NULL,브라운,NULL,내추럴,스툴 없음,NULL
37,40,184606,"북유럽 엔틱 화장대 인테리어 현관 콘솔 사이드테이블, 60cm아이보리(골드)",84000,4326266053,False,58,4.5,10.0,False,,0,10.0,NULL,NULL,NULL,NULL,NULL,NULL
38,41,184606,포메리트 삼나무 화장품 정리함 양문형 대,40200,108630658,True,33,4.0,187.0,False,포메리트,0,50.0,345 x 266 x 345 mm,베이지,원목,NULL,NULL,거울 있음
39,42,184606,"[홈퍼니] 미니 좌식 서랍둘 화장대, 워시옹이",31900,14203866,False,0,4.5,85.0,False,,0,39.0,W340 x D300 x H412 (mm),NULL,합성목재,NULL,스툴 없음,거울 있음
40,43,184606,"동서가구 토니 고무나무 원목 확장형 서랍 거울화장대, 내츄럴",99000,4712710264,False,63,4.0,12.0,False,동서가구,착불배송,12.0,NULL,NULL,NULL,NULL,NULL,NULL
41,45,184606,"데코라인 산타나 입식화장대/일반화장대 수납화장대, 네츄럴오크",65900,1254204553,False,56,5.0,28.0,False,데코라인,착불배송,28.0,NULL,브라운,NULL,내추럴,NULL,NULL
42,48,184606,"웰튼 보브전신거울화장대 전신거울화장대, 화이트",59000,65565174,False,33,4.0,453.0,False,,착불배송,123.0,w/400 d/215 h/1200,NULL,합성목재,NULL,스툴 없음,거울 있음
43,49,184606,"파로마 루나 원목도장 화장대, 크림화이트",256960,226161533,False,0,3.5,82.0,False,,0,53.0,NULL,NULL,NULL,모던/심플,스툴 없음,거울 있음
44,50,184606,"리아룸 제니아 화장대, 화이트",54000,184635454,True,0,3.0,174.0,False,,0,46.0,360 x 295 x 820mm,화이트,합성목재,NULL,NULL,NULL
45,51,184606,"보니애가구 루나 900 헐리우드 LED 조명 화장대, 내츄럴오크",125000,1112091344,False,79,4.0,21.0,False,보니애가구,착불배송,19.0,NULL,NULL,NULL,모던/심플,스툴 없음,거울 있음
46,52,184606,"블루밍홈 베르 화장대, 내추럴",39890,1597558664,True,23,3.5,19.0,False,블루밍홈,0,5.0,NULL,NULL,NULL,NULL,NULL,NULL
47,53,184606,"그린우드 릴리 확장형 수납 화장대 세트 거울포함, 릴리화이트+의자없음",87700,338680845,False,0,4.5,58.0,False,그린우드,착불배송,50.0,NULL,NULL,NULL,내추럴,스툴 없음,거울 있음
48,54,184606,"퍼피노 코코 수납 화장대 스툴세트 pn081, 내추럴원목＋오트밀",119000,88683007,False,29,4.5,169.0,False,퍼피노,0,30.0,1인화장대,베이지,합성목재,NULL,NULL,거울 있음
49,55,184606,"다우드 프리첼 화장대 + 의자 세트, 화이트메이플",58400,6782690,True,0,4.0,258.0,False,,0,60.0,600 x 400 x 1140 mm,화이트,합성목재,NULL,NULL,거울 있음
50,56,184606,"Hezro [헤즈로] 피어스 엔틱 콘솔 그레이, 피어스 콘솔 6",298000,1448230738,False,0,5.0,48.0,False,,0,48.0,NULL,NULL,원목,클래식/엔틱,스툴 없음,NULL
51,59,184606,이즈하임 케이트 원목 화장대 서랍 거울 400,31900,1499625443,True,0,4.0,12.0,False,이즈하임,0,12.0,NULL,브라운,NULL,모던/심플,NULL,NULL
52,60,184606,"더나무 아미떼 600 좌식 화장대, 01_아미떼 600 좌식 화장대 화이트i",39800,83665586,False,0,4.5,26.0,False,,착불배송,22.0,NULL,화이트,NULL,모던/심플,NULL,NULL
53,61,184606,"가구몬스터 헤라 수납 화장대 세트 H478 H479 거울 포함 파우더룸 콘솔세트, 일반800화장대-그레이",119000,1748696457,False,37,5.0,37.0,False,가구몬스터,착불배송,37.0,NULL,그레이,NULL,모던/심플,NULL,거울 있음
54,63,184606,"데코퍼니쳐 다비 화장대 A 다리형, 화이트화이트",45570,5342123247,True,4,4.0,5.0,False,,0,5.0,NULL,NULL,합성목재,NULL,NULL,거울 있음
55,64,184606,"에보니아 721 원목 화장대 + 의자 + 거울 세트, 화이트",91700,2138915369,True,5,4.0,22.0,False,에보니아,0,22.0,NULL,화이트,NULL,모던/심플,스툴있음,NULL
56,65,184606,"에밀리 600 슬림 미니 수납 서랍 원룸 입식 화장대, 화이트",174590,337028358,False,0,4.0,29.0,False,,0,25.0,NULL,NULL,NULL,NULL,NULL,NULL
57,66,184606,"제이드 가구 콘솔 테이블 화장대 완제품 국산 슬림 거실 복도 마블 비앙코, 800 콘솔 28 골드",67500,5147901187,False,22,3.5,17.0,False,제이드가구,0,18.0,NULL,NULL,NULL,NULL,NULL,NULL
58,68,184606,"삼익가구 아이니 초대형 와이드 전신거울 600(거치대포함), 오크",50900,166990981,False,43,4.5,16.0,False,삼익가구,착불배송,12.0,600x60x1700,NULL,MDF+PVC,NULL,스툴 없음,거울 있음
59,69,184606,"특급배송 파로마 포스티 책장형 철제 수납화장대 600 화장대의자세트, 오크",82900,51993261,False,35,4.0,47.0,False,파로마,착불배송,29.0,NULL,NULL,NULL,내추럴,스툴 있음,NULL
60,70,184606,"엘로르 엔틱 원목 미니 슬림 콘솔 복도 현관 다용도 화장대 서랍장 700 900, 엘로르 1 그레이",98000,5350131029,False,0,4.5,9.0,False,,"10,000",9.0,NULL,NULL,NULL,NULL,NULL,NULL
61,71,184606,"[홈퍼니] 템포 미니 사각 서랍 화장대, 화이트",19900,127020884,False,0,4.0,136.0,False,,0,36.0,W300 x D250 x H315(mm),NULL,합성목재,NULL,스툴 없음,거울 있음
62,73,184606,"예작퍼니처 지오 오픈형 화장대세트 YCN09, 화이트",137000,153432486,False,0,4.0,26.0,False,,착불배송,25.0,NULL,화이트,NULL,모던/심플,스툴 있음,NULL
63,75,184606,"레이아웃우드 피어스 엔틱 콘솔 1, 그레이",207560,1915041662,False,0,4.5,104.0,False,,0,101.0,NULL,NULL,NULL,NULL,NULL,NULL
64,76,184606,"[봉쥬르하우스] 콘솔, 블랙 사각(대)",169000,730162,False,0,4.5,72.0,False,,0,24.0,100 x 40 x 80 cm,블랙,철제,NULL,NULL,거울 없음
65,78,184606,"보네르퍼니처 보네르 미니수납화장대, 네츄럴",36120,1019436,True,7,4.0,162.0,False,,0,20.0,38x24x33 cm,브라운,원목,NULL,NULL,거울 있음
66,80,184606,"[리센트] 미카엘 LED조명화장대, 전구색:주광색",219000,1825637047,False,19,5.0,20.0,False,리센트,착불배송,20.0,NULL,NULL,NULL,모던/심플,스툴 없음,NULL
67,82,184606,"브노오 팬시 화장대, 화이트",138400,1694271098,True,0,3.5,27.0,False,,0,27.0,NULL,화이트,NULL,클래식/엔틱,NULL,NULL
68,83,184606,"파로마 레일라 원목도장 화장대, 크림화이트",117250,4325915587,True,1,3.5,9.0,False,파로마,0,9.0,NULL,NULL,NULL,NULL,스툴없음,NULL
69,84,184606,"에카드 원목 콘솔 테이블, 월넛",59000,2170094327,False,14,4.0,21.0,False,,0,21.0,NULL,NULL,NULL,내추럴,스툴 없음,거울 없음
70,87,184606,"입식미니화장대 폭좁은 미니콘솔 수납 원룸 틈새 화장대, 화장대, x",55900,5205992395,False,9,,,False,,착불배송,,NULL,화이트,NULL,모던/심플,NULL,거울 있음
71,88,184606,"쉬몽 미러 플러스A 전신수납 화장대 거울, 화이트",78900,2306096631,False,11,5.0,9.0,False,쉬몽,착불배송,9.0,NULL,화이트,NULL,모던/심플,NULL,NULL
72,89,184606,"틈새 북유럽 화장대 벨벳 좁은 사이즈 풀세트, 화이트 40",128300,1327496247,False,0,4.0,6.0,False,,0,8.0,NULL,NULL,NULL,모던/심플,스툴 있음,NULL
73,90,184606,"트루베퍼니처 라끄 시크릿 수납거울(수도권무료배송), 오크",70000,174086667,False,50,4.5,16.0,False,트루베퍼니처,착불배송,14.0,NULL,브라운,NULL,내추럴,NULL,NULL
74,91,184606,"달리빙앤 프레아 4단서랍 목재상판(오픈형) 화장대, 화이트",129900,40043733,False,0,4.5,103.0,False,,착불배송,14.0,NULL,NULL,NULL,NULL,스툴 없음,거울 있음
75,92,184606,"소피아 600 화장대(스툴제외), 멀바우",51900,334166637,False,48,4.5,52.0,False,라자가구,착불배송,50.0,W600 X D395 X H718mm,브라운,합성목재,NULL,NULL,NULL
76,93,184606,"셀레스타 큐티 덮개거울 미니화장대 일반형, 화이트_AAG05A",24900,5116878221,False,37,4.0,60.0,False,,0,52.0,NULL,NULL,NULL,NULL,NULL,NULL
77,95,184606,"풀하우스 라헬 익스텐션 화장대 거울포함 수납 서랍 정리함 입식 화장대 거울세트, 오크",81900,335096671,False,48,4.5,26.0,False,,착불배송,5.0,W800~1300 x D400 x H1360mm,NULL,합성목재,내추럴,NULL,NULL
78,96,184606,"엘리사 수납 화장대 세트 거울포함, 콤비그레이화이트",99000,204379065,False,0,4.0,113.0,False,,착불배송,63.0,NULL,그레이,NULL,내추럴,스툴 없음,NULL
79,98,184606,"데코라인 마티나 전신거울수납장 전신거울화장대, 아이보리",55900,1984628097,False,57,4.5,38.0,False,데코라인,착불배송,34.0,NULL,NULL,합성목재,모던/심플,NULL,거울 있음
80,99,184606,"블루밍홈 카스카 콘솔 테이블, 블랙",36000,148054426,False,0,4.0,49.0,False,블루밍홈,"3,000",22.0,80x30x74,블랙,합성목재+철제,NULL,NULL,NULL
81,100,184606,"겐고스 깔끔한 선반 오더메이드 콘솔, 화이트",79000,1767500789,False,0,5.0,10.0,False,,0,10.0,NULL,NULL,NULL,NULL,NULL,NULL
82,103,184606,"달리빙앤 샌드 수납 화장대, 화이트",104900,315626923,False,0,5.0,32.0,False,,착불배송,25.0,NULL,화이트,NULL,모던/심플,NULL,NULL
83,104,184606,"소피아 600 화장대(스툴포함), 오크화이트",82000,1449751303,False,16,4.0,14.0,False,,착불배송,14.0,NULL,NULL,NULL,NULL,스툴 있음,NULL
84,105,184606,"제우스 심플 DIY 1000 수납화장대 책상, 내추럴",49800,1080149295,True,0,3.5,6.0,False,,0,5.0,NULL,화이트,NULL,내추럴,NULL,NULL
85,106,184606,"포메리트 심플 삼나무 화장대, 원목",20590,1167778,True,33,4.5,169.0,False,포메리트,0,1.0,265 x 240 x 250 mm,베이지,원목,NULL,NULL,거울 있음
86,107,184606,"공주화장대 조명 화장대 콘센트 예쁜 좌식 학생 주니어 세트 수납, 60x40cm 하얀거울 +LED등 + 조립",103000,5243884827,False,49,5.0,1.0,False,,0,1.0,NULL,NULL,NULL,NULL,NULL,NULL
87,109,184606,"블루밍홈 페페 다용도화장대, 메이블 + 화이트 프레임",46900,184481485,True,60,3.5,61.0,False,블루밍홈,0,15.0,600 × 451 × 1120 mm,베이지,합성목재,NULL,NULL,NULL
88,110,184606,"파로마 헬로스 원목도장 화장대 세트 방문설치, 크림화이트",293230,2336333749,True,6,5.0,2.0,False,파로마,0,2.0,NULL,NULL,NULL,NULL,스툴있음,NULL
89,111,184606,"포메리트 삼나무 낮은형 화장품정리함 미니화장대, 브라운",25520,1167785,True,36,4.5,113.0,False,포메리트,0,7.0,470 x 240 x 110 mm,베이지,원목,NULL,NULL,거울 있음
90,114,184606,포메리트 큐브 삼나무 미니화장대,19730,61093837,True,36,4.0,207.0,False,포메리트,0,11.0,NULL,베이지,원목,NULL,스툴 없음,거울 있음
91,115,184606,"트루베퍼니처 블랑 LED조명 수납 화장대(LPM), 화이트(상부장+하부장SET)",159000,174087969,False,43,4.0,103.0,False,트루베퍼니처,착불배송,36.0,NULL,NULL,NULL,모던/심플,스툴 없음,NULL
92,116,184606,"애니 좌식거울 벽거울, 애니좌식거울_블랙",27900,1186560886,False,0,4.0,9.0,False,애니,0,9.0,NULL,NULL,원목,모던/심플,NULL,거울 있음
93,117,184606,"원마인드 디바 전신거울 화장대, 디바전신거울화장대-오크",129000,245631642,False,31,4.5,78.0,False,,착불배송,43.0,NULL,브라운,NULL,내추럴,NULL,NULL
94,118,184606,"셀레스타 큐티 덮개거울 미니화장대 다리형, 화이트_AAG07A",30900,1104285955,False,36,4.0,21.0,False,,0,13.0,NULL,NULL,NULL,NULL,NULL,NULL
95,119,184606,"[홈퍼니] 템포 좌식 화장대 다리형, 화이트",49900,1093072578,False,0,4.5,18.0,False,,0,14.0,NULL,NULL,NULL,NULL,스툴 없음,거울 있음
96,120,184606,"특급배송 파로마 포스티 책장형 철제 수납화장대 800 화장대의자세트 화장대, 특급배송/오크",92900,208341410,False,59,4.0,16.0,False,파로마,착불배송,4.0,NULL,브라운,NULL,내추럴,스툴 있음,NULL
97,121,184606,"퍼니아트 폭조절가능한 화장대+의자세트 ga-005, 화이트",199800,753188,False,0,4.5,241.0,False,퍼니아트,착불배송,16.0,NULL,NULL,NULL,NULL,NULL,NULL
98,122,184606,[삼익가구]릴리 골드 팔각 거울 600x900,28900,1152453523,False,58,5.0,7.0,False,삼익가구,착불배송,7.0,NULL,NULL,NULL,NULL,NULL,NULL
99,123,184606,"룩홈 미니 2단 화장대, 워시옹이",35900,7652271,False,0,4.5,102.0,False,,0,16.0,W340 x D300 x H412 (mm),NULL,"MDF, 인테리어 필름, 칠도장, 실크인쇄, 거울",,NULL,거울 있음
100,124,184606,"라자가구 위드 심플 800 화장대 스툴 의자 세트 cw132, 아이보리+화이트스툴",105000,1439788081,False,47,5.0,7.0,False,라자가구,착불배송,7.0,NULL,화이트,NULL,모던/심플,스툴 있음,NULL
101,125,184606,"삼익가구 아이니 초대형 와이드 전신거울 700, 화이트",50900,166991015,False,43,5.0,12.0,False,삼익가구,착불배송,9.0,700x60x1700,NULL,MDF+PVC,NULL,스툴 없음,거울 있음
102,126,184606,"지앤퍼니 모노 확장형 화장대+거울세트, 오크",103900,175380690,False,54,4.5,23.0,False,,0,12.0,NULL,NULL,NULL,내추럴,스툴 없음,거울 있음
103,127,184606,"애니 전신거울 스탠드거울 벽걸이거울, 애니전신거울_네추럴",34900,1186584016,False,0,4.0,18.0,False,애니,0,11.0,NULL,NULL,원목,모던/심플,NULL,거울 있음
104,129,184606,"인디우드 아키 LED 조명 화장대 세트 800, 화이트",196000,290422027,False,34,4.5,89.0,False,인디우드,착불배송,51.0,NULL,NULL,NULL,NULL,스툴 없음,거울 있음
105,133,184606,"착한가구 아미띠에 800 수납형 화장대 거울포함, 화이트",47800,4277982,False,0,4.0,300.0,False,착한가구,착불배송,46.0,800 x 395 x 1325 mm,NULL,PB + MDF,NULL,스툴 없음,거울 있음
106,134,184606,"엔젤야옹 잠순이 미니화장대, 화이트",9900,21686091,True,23,3.5,184.0,False,엔젤야옹,0,23.0,31.5 x 16 x 15 cm,화이트,NULL,NULL,스툴 없음,거울 있음
107,136,184606,"인디우드 화장대 거울 수납장 600, 블랙",59900,4567938184,True,0,4.5,2.0,False,인디우드,0,3.0,NULL,NULL,NULL,NULL,NULL,NULL
108,137,184606,"파로마 셀리나2 익스텐션 확장형 화장대, 화이트",109900,2236758547,False,44,,,False,파로마,착불배송,,NULL,NULL,NULL,NULL,NULL,NULL
109,138,184606,"레브가구 아이리스 LED 수납화장대 4종, 800화장대",154000,327010297,False,30,4.0,14.0,False,,착불배송,11.0,NULL,화이트,NULL,모던/심플,NULL,NULL
110,140,184606,"채움 클로버 귀여운 좌식 화장대, 02_클로버 800 좌식 화장대 그레이iz",41000,1476593048,False,0,5.0,2.0,False,채움,착불배송,2.0,NULL,NULL,NULL,모던/심플,NULL,거울 있음
111,141,184606,"달리빙앤 셀레나 3단 서랍 화장대, 멀바우",108900,147287144,False,0,4.5,34.0,False,,착불배송,24.0,NULL,NULL,NULL,내추럴,NULL,NULL
112,142,184606,"[디모토] 1200 라탄 콘솔 화장대 다용도 수납장 (화이트), 화이트",145000,1064048514,False,0,4.0,34.0,False,,"20,000",32.0,NULL,화이트,NULL,북유럽,NULL,NULL
113,144,184606,"로뎀나무 엘리야 아카시아원목 콘솔 슬림 바테이블 폭좁은 베란다 테이블, 01_엘리야 300x800 콘솔",64000,162908558,False,0,5.0,17.0,False,로뎀나무,0,15.0,NULL,브라운,원목,NULL,스툴 없음,거울 없음
114,145,184606,"책상 화장대 다용도 수납정리함, 화이트",8900,4734837144,False,0,,,False,,0,,상세페이지참고,화이트,pp,북유럽,NULL,NULL
115,146,184606,"엘리사 수납 화장대 세트 거울포함, 콤비그레이화이트+패브릭스툴포함",119000,334430996,False,0,4.0,29.0,False,,착불배송,26.0,NULL,화이트,NULL,북유럽,스툴 있음,NULL
116,148,184606,"다하미가구 다하미 전신거울 화장대, 01. 하이그로시(White)",84000,102578442,False,0,4.5,67.0,False,,착불배송,25.0,400,NULL,합성목재,NULL,스툴 없음,거울 있음
117,151,184606,"대리석 럭셔리 5Color 화장대 화장대세트 협탁 현관 콘솔 현관테이블 콘솔테이블 콘솔화장대, 서랍장 그레이",80000,1931324362,False,0,5.0,6.0,False,,0,6.0,NULL,그레이,NULL,모던/심플,NULL,NULL
118,152,184606,"하우스틸 세레나 2단 수납 콘솔, 그레이",124000,4350248565,False,13,4.0,11.0,False,하우스틸,"15,000",11.0,NULL,그레이,NULL,모던/심플,NULL,NULL
119,154,184606,"APEX 아미띠에 600 좌식 화장대, 화이트",32800,5489168,False,0,4.0,767.0,False,Apex,착불배송,31.0,600 x 395 x 350 mm,NULL,PB + MDF,NULL,스툴 없음,거울 있음
120,156,184606,"고무나무 원목화장대 세트, 고무나무원목화장대세트ⓘP822295ⓟ",79700,1292187196,False,0,4.0,11.0,False,블루밍홈,"4,500",8.0,NULL,브라운,NULL,내추럴,NULL,NULL
121,157,184606,"달리빙앤 셀레나 와이드 확장형 멀티수납 화장대, 화이트",239900,215595201,False,0,4.5,49.0,False,,착불배송,33.0,NULL,화이트,NULL,모던/심플,NULL,NULL
122,158,184606,포메리트 심플 삼나무 1단 서랍형 미니화장대,23880,1167779,True,35,4.0,158.0,False,포메리트,0,12.0,265 x 240 x 250mm,베이지,원목,NULL,NULL,거울 있음
123,160,184606,"[홈퍼니] 템포 미니 사각 서랍 화장대 다리형, 화이트",23900,1093019515,False,0,4.5,10.0,False,,0,8.0,NULL,NULL,NULL,모던/심플,스툴 없음,거울 있음
124,161,184606,"10SPACE 쿠키 600 좌식화장대 CK11, 내추럴 화이트",40000,96836171,False,33,4.0,65.0,False,,착불배송,12.0,NULL,화이트,NULL,내추럴,NULL,NULL
125,162,184606,"북유럽 벨벳 화장대 세트 대리석 미니 입식 서랍형, 50 핑크+거울+스툴",139500,5015177646,False,0,,,False,,0,,NULL,NULL,NULL,NULL,스툴있음,NULL
126,163,184606,"일룸 [일룸]팅클팝 키즈화장대, 단품",169000,178587759,False,0,5.0,4.0,False,일룸,0,1.0,NULL,화이트,NULL,키즈/캐릭터,NULL,NULL
127,165,184606,"소피드메종 시즌2 페페 좌식800 수납겸용 화장대 PE21R, 화이트",49900,1578379993,False,52,5.0,6.0,False,텐스페이스,착불배송,6.0,NULL,화이트,NULL,모던/심플,NULL,NULL
128,166,184606,"동서가구 몬드 전신거울 화장대 DF915612-1, 아이보리",129000,324836239,False,31,4.5,32.0,False,동서가구,착불배송,28.0,NULL,브라운,NULL,내추럴,NULL,NULL
129,167,184606,이즈하임 케이트 원목 화장대 서랍 거울 전신거울,48870,1499625449,True,0,3.5,9.0,False,이즈하임,0,10.0,NULL,브라운,NULL,내추럴,NULL,NULL
130,168,184606,"딜라잇홈 철제 반달 콘솔 현관 복도 슬림 미니 콘솔 테이블 (화이트/블랙/골드), 중 _ 화이트",86000,4363086378,False,13,4.0,3.0,False,,0,3.0,가로50x세로20x높이74cm,화이트,철제,NULL,NULL,NULL
131,169,184606,"화장대 작은 아파트 미니 침실 간단한 현대 화장대 경제적 인 화장대 간단한 60cm 화장대, 205 아이보리 화이트 50CM + 스툴_어셈블리",58500,4631335689,False,23,,,False,,0,,NULL,NULL,NULL,NULL,스툴있음,NULL
132,170,184606,"포메리트 삼나무 수납형 사각 서랍화장대, 브라운",26900,1973141,True,37,4.0,139.0,False,포메리트,0,11.0,370 x 235 x 250 mm,브라운,원목,NULL,NULL,거울 있음
133,172,184606,"북유럽 엔틱 복도 현관 콘솔 이케아 미니 테이블 화장대, 화이트 골드70cm",103000,1559480251,False,0,4.5,11.0,False,,0,11.0,NULL,화이트,NULL,클래식/엔틱,NULL,NULL
134,173,184606,"미래철재가구 철재화장대 4종세트, 03 선반형 화이트 타원",59900,141369153,False,0,4.0,153.0,False,,"8,000",32.0,NULL,화이트,NULL,모던/심플,스툴 있음,NULL
135,174,184606,"[홈퍼니] 템포 좌식 화장대, 화이트",45900,14208720,False,0,4.0,406.0,False,,0,38.0,600x240x300mm,화이트,합성목재,NULL,NULL,거울 있음
136,176,184606,"데코퍼니쳐 다비 화장대 B 다리형, 화이트네이비",43410,5342123199,True,0,4.5,2.0,False,,0,2.0,NULL,NULL,합성목재,NULL,NULL,거울 있음
137,177,184606,"유니크가구 좌식화장대, 화이트",48900,932992,False,0,4.0,311.0,False,,착불배송,17.0,NULL,화이트,합성목재,NULL,스툴 없음,거울 있음
138,179,184606,"클릭 800 와이드 LED 조명 화장대, 클릭 화장대 의자(별도 구매 상품), 화이트",31900,4529841707,False,52,,,False,벨리카가구,착불배송,,NULL,NULL,NULL,모던/심플,스툴 있음,거울 있음
139,180,184606,"레이아웃우드 리딤드 엔틱 콘솔 900mm x 300mm 685mm, 화이트",69000,1407340011,False,0,4.5,12.0,False,,0,11.0,NULL,NULL,NULL,클래식/엔틱,스툴 없음,거울 없음
140,181,184606,피어젠 피나 엔틱콘솔 화이트빈티지,262000,1361377014,False,0,5.0,20.0,False,,0,19.0,NULL,화이트,NULL,클래식/엔틱,NULL,NULL
141,182,184606,"해외직구 어린이 왕관형 목재 화장대 완구, B 고급버전(화장대+의자+이발용 완구+미용완구)",81900,1713625452,False,0,4.0,11.0,False,,0,11.0,NULL,핑크,NULL,키즈/캐릭터,스툴 있음,NULL
142,183,184606,"키키홈 데이지 전신거울 600 화장대, 화이트",79900,4391003,False,0,4.5,40.0,False,키키홈,착불배송,19.0,NULL,NULL,NULL,모던/심플,NULL,거울 있음
143,184,184606,"가인공 철재 화장대 콘솔테이블 콘솔장식장 콘솔, 1단600화이트",59000,1606654866,False,0,5.0,13.0,False,,0,13.0,NULL,NULL,NULL,NULL,NULL,NULL
144,185,184606,"보네르스토리 보네르 스퀘어화장대, 그레이",41200,22107518,True,1,4.0,14.0,False,,0,1.0,38 x 24 x 32.5 cm,그레이,원목,NULL,NULL,거울 있음
145,186,184606,"노바리빙 담담 미니 화장대, 핑크",5900,2276517740,True,13,5.0,10.0,False,노바리빙,0,10.0,NULL,핑크,NULL,로맨틱,NULL,NULL
146,187,184606,"제우스 심플 DIY 1000 화장대 책상, 화이트",39800,1080149235,True,0,4.0,11.0,False,,0,8.0,NULL,화이트,NULL,모던/심플,NULL,NULL
147,189,184606,"또또가구 하이디-화장대(400 600 800 수틀), 수틀(수납형)의자-화이트",30300,2185253854,False,13,5.0,8.0,False,,착불배송,8.0,NULL,NULL,NULL,NULL,NULL,NULL
148,191,184606,"다니엘우드 원목 좁은 공간 인테리어 사이드테이블 책상, 선택20)콘솔테이블800×300-삼나무상판",47000,46849150,False,29,4.5,89.0,False,다니엘우드,착불배송,23.0,NULL,NULL,NULL,NULL,NULL,NULL
149,192,184606,"퍼니아트 샐리 전신거울 수납장, 오크",78000,1218450820,False,0,4.5,45.0,False,퍼니아트,착불배송,42.0,전체: (W)400X(D)300X(H)1650,NULL,합성목재,내추럴,스툴 없음,NULL
150,193,184606,"엘린 투서랍 좌식화장대, 엘린 600 협탁, 화이트",38900,4348302791,False,44,,,False,벨리카가구,착불배송,,NULL,NULL,NULL,모던/심플,스툴 없음,거울 있음
151,194,184606,"인퍼니처 국내제작 설치NO 완제품 콘솔 수납장 카페 인테리어 화장대 850 950, 골드+대리석무늬",67500,4740265748,False,24,5.0,6.0,False,,0,6.0,NULL,골드,NULL,모던/심플,NULL,NULL
152,195,184606,"블루밍홈 블랑 좌식 수납화장대, 화이트 + 메이플",66650,285920626,True,6,3.5,14.0,False,블루밍홈,0,4.0,600x320x405,화이트,합성목재,NULL,NULL,NULL
153,196,184606,"리앳홈 라보떼 다용도 원목 슬림 콘솔 테이블 800 4컬러, 내추럴",59000,1822654442,False,15,4.0,5.0,False,,0,6.0,NULL,베이지,NULL,모던/심플,NULL,NULL
154,197,184606,"엣지퍼니처 셀린 화장대 서랍장 수납의자 풀세트 A형, 화이트",251000,116282548,False,0,4.0,59.0,False,엣지퍼니처,착불배송,26.0,너비: W800mm X 깊이 : D400mm X 높이 : H1430mm(거울포함),NULL,합성목재,NULL,스툴 있음,
155,198,184606,"데코라인 라떼 화장대+스툴 SET 화장대세트 미니 수납 슬림 틈새 입식 화장대 의자세트 저렴한화장대, 오크아이보리",99000,1722197205,False,0,5.0,1.0,False,데코라인,착불배송,1.0,630mm x 400mm x 750mm,NULL,합성목재,내추럴,스툴 있음,NULL
156,199,184606,"해외직구 어린이 왕관형 목재 화장대 완구, A 기본버전(화장대+의자+미용완구)",79900,5244034695,False,0,5.0,2.0,False,,0,2.0,NULL,NULL,NULL,NULL,NULL,NULL
157,200,184606,"[동서가구]케이치 940화장대 DF630513, 화이트",64900,594060,False,45,4.0,6.0,False,동서가구,0,1.0,NULL,화이트,합성목재,NULL,스툴 없음,거울 있음
158,201,184606,"[우드샵] 앰버 수납형화장대 + 스툴(옵셥선택), 우드샵 화장대 (스툴미포함)",85000,5491091330,False,0,5.0,3.0,False,,착불배송,3.0,NULL,NULL,NULL,NULL,NULL,NULL
159,203,184606,에오스가구 미니 원룸 원목 확장형 수납형 거울 화장대,109000,4717470504,False,61,4.0,11.0,False,,착불배송,11.0,NULL,내츄럴,NULL,모던/심플,NULL,거울 있음
160,204,184606,노블 원목 수납 화장대 세트(스툴 미포함),129000,2379748110,False,63,5.0,6.0,False,,착불배송,6.0,NULL,브라운,NULL,내추럴,NULL,NULL
161,205,184606,모던하우스 스윗캐슬 화장대 의자세트,32670,302503750,False,8,4.5,2.0,False,모던하우스,0,2.0,NULL,핑크,NULL,키즈/캐릭터,스툴 있음,NULL
162,206,184606,"엔틱 가구 현관 복도 콘솔 폭좁은 얇은 좁은 선반 테이블, 150x25x90 블랙",122000,2057774276,False,55,4.5,5.0,False,,"20,000",5.0,NULL,NULL,NULL,NULL,NULL,NULL
163,207,184606,포메리트 삼나무 사각 서랍화장대 소품수납형,42650,18522512,True,38,4.0,64.0,False,포메리트,0,14.0,495 x 223 x 300 mm,베이지,삼나무 + MDF,NULL,NULL,거울 있음
164,208,184606,"다니엘우드 테네로 콘솔 1200x300 삼나무 화장대 인테리어 협탁 침실 가구, 콘솔테이블 1200x300(삼나무상판)",56000,46849182,False,30,4.5,25.0,False,다니엘우드,착불배송,5.0,NULL,브라운,NULL,내추럴,NULL,NULL
165,209,184606,"트루베퍼니처 라끄 시크릿 수납 전신거울, 오크",168630,4529165222,False,0,3.0,16.0,False,트루베퍼니처,0,15.0,NULL,NULL,NULL,NULL,NULL,NULL
166,210,184606,"달리빙앤 프레아 4단서랍 목재상판(전신거울) 화장대, 화이트",135900,208817474,False,0,4.0,14.0,False,,착불배송,7.0,NULL,화이트,NULL,모던/심플,NULL,NULL
167,211,184606,이즈하임 케이트 원목 화장대 서랍 거울 600,37890,1499625811,True,0,3.5,12.0,False,이즈하임,0,11.0,NULL,브라운,NULL,내추럴,NULL,NULL
168,214,184606,"제이앤제이 심플 화장대 600, 화이트",84900,110113635,True,0,3.0,16.0,False,제이앤제이,0,6.0,NULL,화이트,합성목재,NULL,스툴 없음,거울 있음
169,215,184606,"파로마 요즘대세 클레오LED 화장대 수납화장대, 화이트",144900,41089926,False,49,3.5,48.0,False,파로마,착불배송,7.0,NULL,NULL,NULL,모던/심플,스툴 없음,NULL
170,216,184606,"[에띠안] 자르뎅 미니화장대 콘솔 테이블 800-화이트/브라운 콘솔, 화이트",61000,13284074,False,12,4.5,38.0,False,에띠안,0,5.0,800 x 300 x 750,화이트,원목,NULL,NULL,NULL
171,217,184606,"보루네오 하우스 라보떼 카리스 400 입식화장대 KA007, 내추럴",72000,28760167,False,0,,,False,보루네오하우스,0,,NULL,브라운,NULL,내추럴,NULL,NULL
172,219,184606,피어스 1 엔틱 원목 슬림 서랍 콘솔 테이블 복도 현관 다용도 1100 콘솔,98000,5445883780,False,0,4.0,3.0,False,,0,3.0,NULL,그레이,NULL,빈티지,NULL,NULL
173,221,184606,"[두닷모노] 마틸다 전신거울 행거, 하모니오크",59000,5047262100,False,26,5.0,1.0,False,두닷모노,0,1.0,NULL,NULL,NULL,NULL,NULL,NULL
174,224,184606,"노바리빙 기본후크 문걸이 화장대, 화이트",51500,1262256345,True,0,5.0,28.0,False,노바리빙,0,26.0,NULL,화이트,NULL,모던/심플,NULL,NULL
175,225,184606,"LPM 600 슬라이딩 수납 거울 화장대 + 연결고리 세트, 오크",86900,2081749676,False,26,4.0,141.0,False,,0,57.0,NULL,브라운,NULL,모던/심플,NULL,NULL
176,227,184606,"북유럽 트위스트 골드 프레임 대리석 마블 선반 현관 복도 거실 테이블 이케아 콘솔, 블랙60cm",120000,1634957572,False,12,4.5,2.0,False,,0,2.0,NULL,NULL,NULL,NULL,NULL,NULL
177,228,184606,"잉글랜더 패런트 600 LED 2단서랍 화장대(거울포함), 화이트워시",169000,1918871573,False,52,4.0,1.0,False,잉글랜더,착불배송,1.0,NULL,NULL,NULL,NULL,NULL,NULL
178,229,184606,"지앤퍼니 로잔 확장형 화장대+거울세트 GNF096, 투톤",117900,4346866403,False,47,4.0,4.0,False,,0,5.0,NULL,NULL,NULL,NULL,NULL,거울 있음
179,230,184606,"파로마 레일라IV 원목도장 화장대, 크림화이트",159000,1395094533,True,0,3.5,4.0,False,파로마,0,5.0,NULL,NULL,NULL,NULL,NULL,NULL
180,231,184606,"북유럽 미니멀 수납 화장대 원목 이케아 LED 거울 책상 의자 세트, 블랙 120CM 테이블+스마트 미러+메이크업 벤치",285500,5073816985,False,79,,,False,,0,,NULL,NULL,NULL,NULL,NULL,NULL
181,232,184606,"삼익가구 보이스 멀티수납형 원목 화장대 세트, 01.스툴제외:내추럴",99800,1334452403,False,66,4.5,8.0,False,삼익가구,착불배송,8.0,NULL,브라운,NULL,내추럴,NULL,NULL
182,233,184606,"에몬스홈 로코 원목도장 화장대 1000 방문설치, 크림화이트",319730,2336333447,True,0,4.5,3.0,False,에몬스홈,0,3.0,NULL,NULL,NULL,NULL,NULL,NULL
183,234,184606,"[에타홈] 오린 엔틱 원목 화장대세트 TE1020-2, 단일옵션",253890,1368701507,False,8,5.0,3.0,False,,0,3.0,NULL,브라운,NULL,클래식/엔틱,스툴 있음,NULL
184,235,184606,"블루밍홈 블리스 좌식화장대, 오크",35600,55529643,False,28,4.0,26.0,False,블루밍홈,0,3.0,400x400x400,오크,합성목재,NULL,NULL,NULL
185,237,184606,"풀하우스 웨딩데이 화장대 거울포함, 화이트",74900,1853383287,False,58,4.0,8.0,False,,착불배송,8.0,NULL,브라운,NULL,내추럴,NULL,NULL
186,238,184606,"루이송 LED 조명 거울 벽걸이 화장대 좌식화장대, 끌레르벽거울",24800,325293727,False,0,4.5,10.0,False,루이송,0,7.0,NULL,NULL,NULL,NULL,NULL,NULL
187,241,184606,"벨리카가구 녹스 원룸 좌식 수납화장대 화장대, 녹스 투서랍 좌식 화장대 세트_멀바우",110900,1606677998,False,47,4.0,4.0,False,벨리카가구,착불배송,4.0,NULL,NULL,NULL,내추럴,스툴 없음,거울 있음
188,242,184606,"원스홈 코디 400 아일랜드 서랍형 슬림 화장대(수납거울장) 화장대, 네추럴",149000,1649005957,False,11,5.0,6.0,False,,착불배송,7.0,NULL,NULL,NULL,내추럴,스툴 없음,거울 있음
189,244,184606,"규수방 리아 거울포함 원목 확장형 슬라이딩화장대, 네추럴",113000,4970095789,False,44,4.5,3.0,False,,착불배송,3.0,NULL,네추럴,NULL,북유럽,스툴 없음,NULL
190,246,184606,"아우스 VEL 북유럽 대리석 화장대세트 벨벳 골드프레임 서랍형 LED조명 거울 리본의자 포함 관부가세 포함 추가화물비용 절대 없음, 핑크 소형 80cm (LED거울+리본의자 포함)",206810,1599751420,False,0,4.5,29.0,False,,0,30.0,NULL,NULL,NULL,로맨틱,스툴 있음,거울 있음
191,247,184606,"보네르스토리 원목 미니수납화장대 화장품함 좌식화장대, 내추럴",39000,53382523,False,0,4.5,12.0,False,,0,7.0,W38*D24*33CM,NULL,원목,NULL,스툴 없음,거울 있음
192,248,184606,"한스리빙 워너비 멀티 수납 화장대(싱글형) 화장대, 화이트",118000,34028466,False,0,4.5,16.0,False,,착불배송,8.0,W:770 x D 400 x H 1280 (mm),NULL,"15T MDF , 데코시트 , 5T 강화유리 , 볼레일 , 3T 거울 , 경첩",NULL,스툴 있음,
193,249,184606,"TAOYE 북유럽 복고풍 엔틱 벽난로 현관테이블 선반 인테리어 현관 콘솔, 화이트/1m",140770,1862012046,False,7,4.0,7.0,False,,0,7.0,NULL,NULL,NULL,NULL,NULL,NULL
194,250,184606,"행운가구 아일랜드 4단 400 800 서랍장 화장대 드레스룸 악세사리 수납장, 400 수납경, 화이트",45000,4550201191,False,50,5.0,1.0,False,,착불배송,1.0,NULL,화이트,NULL,모던/심플,NULL,NULL
195,251,184606,"다우드 엘린 수납 화장대, 화이트",137400,1574371772,True,0,2.0,2.0,False,,0,2.0,NULL,NULL,NULL,NULL,NULL,NULL
196,252,184606,"뉴 더블링 멀티 수납 화장대 확장형 화이트, 원형스툴 - 크림화이트",43000,2305115390,False,0,,,False,,착불배송,,NULL,NULL,NULL,NULL,스툴있음,NULL
197,253,184606,"더나무 예쁜 화장대 모음, 아미띠에600좌식화장대+수납거울 화이트",39800,9164189,False,0,4.0,63.0,False,,착불배송,8.0,NULL,화이트,PB + MDF,NULL,스툴 없음,거울 있음
198,255,184606,"[텐스페이스] 쿠키 600 좌식화장대 CK11, 색상:화이트",56000,5033019728,False,0,4.5,4.0,False,텐스페이스,0,,NULL,NULL,NULL,NULL,스툴없음,NULL
199,256,184606,"원마인드 리앤 확장형 화장대 세트(화이트), 800와이드화장대(화이트/일반거울)",184000,217853263,False,0,4.5,11.0,False,,착불배송,7.0,NULL,화이트,NULL,모던/심플,NULL,NULL
200,257,184606,"원목 수납 화장대 세트, 원목화장대",129000,5313937905,False,0,,,False,,"30,000",,NULL,NULL,NULL,NULL,NULL,NULL
201,259,184606,[이즈가구] 로라 아이보리 콘솔 - 엔틱 원목 화장대 서랍장 수납장 장식장 빈티지 침실 거실 가구,262900,1066868644,False,54,4.5,3.0,False,,착불배송,2.0,NULL,화이트,NULL,클래식/엔틱,NULL,NULL
202,260,184606,"[천삼백케이] [플레인홈] 소프리 좌식 화장대 800, 그레이",63050,4509697138,False,3,5.0,2.0,False,,0,2.0,NULL,NULL,NULL,NULL,스툴없음,NULL
203,261,184606,"인디우드 LPM 800 수납 화장대 세트, 화이트(수도권무배)",104000,4806728811,False,34,4.5,13.0,False,인디우드,0,10.0,NULL,화이트,합성목재,NULL,NULL,거울 있음
204,262,184606,"달리빙앤 셀레나 와이드 서랍 화장대, 멀바우",178900,215784677,False,0,4.5,24.0,False,,착불배송,22.0,NULL,브라운,NULL,내추럴,NULL,NULL
205,263,184606,"반원형 골드프레임 엔틱 현관 거실 콘솔 이케아 미니 데스크 복도 테이블, 블랙60x30x70",50500,1509387831,False,0,4.0,5.0,False,,0,4.0,NULL,NULL,NULL,NULL,NULL,NULL
206,264,184606,파란들 디체 800 좌식 화장대 거울화장대 좌식화장대 화장대세트,58000,1204060155,False,67,5.0,4.0,False,파란들,착불배송,4.0,NULL,NULL,NULL,NULL,NULL,NULL
207,266,184606,"잉글랜더 패런트 멀바우 800 수납 화장대(거울포함), 멀바우브라운",109000,140012364,False,52,5.0,5.0,False,잉글랜더,"15,000",3.0,NULL,NULL,NULL,내추럴,NULL,NULL
208,269,184606,데코라인 시크 전신거울 좌식 화장대 서랍형 수납장 400 화이트,77900,5269283098,False,62,5.0,17.0,False,데코라인,착불배송,17.0,400*390*1720,화이트,합성목재,NULL,스툴 없음,NULL
209,271,184606,"에밀리 800 드레스룸 서랍 수납형 미니 입식 화장대, 화이트",67000,274158575,False,56,4.0,20.0,False,,착불배송,20.0,NULL,NULL,NULL,NULL,NULL,NULL
210,272,184606,"데코라인 코넬 니즈 800 확장형 수납화장대 세트 DNC021C, 화이트",109000,1195728196,False,47,5.0,2.0,False,데코라인,착불배송,2.0,NULL,브라운,NULL,내추럴,NULL,NULL
211,273,184606,"브노오 화장대 로제화장대, 로제화장대_핑크",128400,1666910100,False,32,4.0,17.0,False,,,17.0,NULL,NULL,NULL,NULL,NULL,NULL
212,274,184606,[삼익가구]릴리 골드 팔각 거울 600x1200,34900,1152453402,False,55,4.0,7.0,False,삼익가구,착불배송,7.0,NULL,NULL,NULL,NULL,NULL,NULL
213,276,184606,"[에일리] 라헬 화장대 콘솔 다용도 수납장, 라헬1000콘솔(버지니아네오)",119000,1709490721,False,0,4.0,2.0,False,,"20,000",2.0,NULL,블루,NULL,모던/심플,NULL,NULL
214,278,184606,"마리메종 거치형 슬라이딩 수납거울, 메이플",55000,279958366,False,37,4.5,11.0,False,,착불배송,10.0,NULL,브라운,NULL,내추럴,NULL,NULL
215,279,184606,"[아이앤]보넬600수납거울화장대세트AP, 화이트",88900,191689420,False,0,4.0,10.0,False,아이앤,착불배송,7.0,NULL,화이트,NULL,모던/심플,스툴 있음,NULL
216,281,184606,"[삼익가구]아이니 초대형 와이드 전신거울 400, 화이트",29900,1195549999,False,56,4.5,7.0,False,삼익가구,착불배송,6.0,NULL,NULL,NULL,NULL,NULL,NULL
217,283,184606,"밀키웨이 아이린 원목다리 화장대(화장대+거울), all 크림화이트",107000,90781633,False,0,4.5,160.0,False,밀키웨이,착불배송,10.0,NULL,화이트,NULL,내추럴,NULL,NULL
218,284,184606,"에보니아 모던 화장대, 내추럴",141040,207099817,True,32,2.5,34.0,False,에보니아,0,13.0,1000 x 475 x 1210 mm,NULL,NULL,NULL,스툴 없음,거울 있음
219,286,184606,"[유캐슬] 마호가니 엔틱 원목 콘솔장, 상세 설명 참조",154850,144712541,False,2,4.5,3.0,False,유캐슬,착불배송,,NULL,NULL,NULL,클래식/엔틱,NULL,NULL
220,287,184606,"포메리트 심플 삼나무 가로 2단 서랍화장대, 원목",27810,1167780,True,45,4.0,118.0,False,포메리트,0,7.0,365 × 205 × 310 mm,베이지,원목,NULL,NULL,거울 있음
221,288,184606,퍼니아트 LPM하이그로시 큐리어스 LED조명 화장대 풀세트,214800,247191287,False,0,4.5,3.0,False,퍼니아트,착불배송,2.0,(W)1000X(D)400X(H)1470,NULL,합성목재,NULL,스툴 없음,거울 있음
222,289,184606,"[홈퍼니] 미니 좌식 화장대 소형, 화이트",26900,14203864,False,0,4.5,16.0,False,,0,2.0,W300 x D240 x H402 (mm),NULL,합성목재,NULL,스툴 없음,거울 있음
223,290,184606,"삼익가구 엣지 원목 초대형 전신거울 700(거치대포함), 내추럴",65900,167075150,False,65,4.5,4.0,False,삼익가구,착불배송,3.0,700x60x700,NULL,원목,NULL,스툴 없음,거울 있음
224,291,184606,"데코라인 모닝 800서랍수납 화장대세트(거울+스툴포함), 내추럴오크",119000,1331698117,False,49,4.5,5.0,False,데코라인,0,5.0,NULL,브라운,NULL,내추럴,스툴 있음,NULL
225,292,184606,[삼익가구]올든 팔각 골드 스테인레스 대형 전신거울 700x1800,149900,318049520,False,69,4.0,9.0,False,삼익가구,착불배송,4.0,NULL,NULL,NULL,NULL,NULL,NULL
226,293,184606,"동서가구 케이화이트 화장대 의자세트 2종택1 DF634771, 서랍형수납의자",59900,22081666,False,45,3.5,53.0,False,동서가구,착불배송,3.0,NULL,NULL,NULL,모던/심플,NULL,NULL
227,296,184606,"[파로마]하이니600전신거울수납서랍화장대SRN, 화이트",145000,114277760,False,0,4.5,3.0,False,파로마,착불배송,2.0,NULL,화이트,NULL,모던/심플,NULL,NULL
228,297,184606,"포메리트 원목 사각 경사 화장대, 원목색",29150,200674200,True,58,5.0,2.0,False,포메리트,0,2.0,NULL,NULL,NULL,NULL,NULL,NULL
229,298,184606,"스칼렛 프리미엄 원목다리 화장대_수납거울(의자포함), 의자포함_all크림화이트",169000,173509876,False,0,4.0,7.0,False,밀키웨이,착불배송,7.0,NULL,화이트,NULL,모던/심플,스툴 있음,NULL
230,300,184606,"트루베퍼니처 릴리 400 틈새수납장, 백아카시아",43000,1075026956,False,0,5.0,9.0,False,트루베퍼니처,착불배송,8.0,NULL,화이트,NULL,내추럴,NULL,NULL
231,301,184606,"파로마 데일리 LED 수납 서랍 화장대, 화이트",149000,222695377,False,53,3.5,57.0,False,파로마,착불배송,15.0,W950 x D390 x H1350mm,화이트,합성목재,NULL,NULL,NULL
232,302,184606,"LPM 수납 600 화장대, 멀바우",107000,2081749611,False,1,2.0,16.0,False,,0,16.0,NULL,브라운,NULL,내추럴,NULL,NULL
233,305,184606,"브렌트 좌식 화장대 800, 화이트",46600,4383517716,False,0,4.0,1.0,False,,착불배송,1.0,NULL,화이트,NULL,모던/심플,스툴없음,NULL
234,306,184606,"소담갤러리 비앙코 900 콘솔 화장대 장식장 철제테이블, 비앙코(화이트)",65000,293917452,False,50,5.0,13.0,False,소담갤러리,0,10.0,NULL,화이트,NULL,모던/심플,NULL,NULL
235,307,184606,"직구헌터 복도 콘솔 현관 엔틱 가구 서랍장 폭좁은 콘솔장 거실, 60cm",98700,1357418739,False,0,4.0,18.0,False,,0,15.0,NULL,NULL,NULL,NULL,NULL,NULL
236,309,184606,"북유럽 복고풍 엔틱 벽난로 현관테이블 선반 인테리어 현관 콘솔, 화이트 무지 80cm",101700,2093271038,False,42,3.5,2.0,False,,"30,000",2.0,NULL,NULL,NULL,NULL,NULL,NULL
237,311,184606,"홈인퍼니처 미스티 삼나무 원목 좌식화장대 소, 내추럴",26900,5315480,True,0,4.5,12.0,False,,0,6.0,268 x 238 x 250 mm,베이지,원목,NULL,NULL,거울 있음
238,312,184606,"블루밍홈 레미 좌식 화장대 400 PB 거울 서랍 세트, 샌드월넛",41900,5080335517,False,4,1.0,1.0,False,블루밍홈,"3,000",1.0,NULL,NULL,NULL,NULL,스툴없음,NULL
239,316,184606,노블 원목 수납 화장대 세트(스툴 포함),148900,4751729116,False,60,5.0,2.0,False,,착불배송,2.0,NULL,NULL,NULL,NULL,스툴 있음,NULL
240,317,184606,"사각 골드프레임 이케아 현관 대리석 콘솔 복도 테이블, 화이트80cm",192500,1665424729,False,11,5.0,2.0,False,,0,2.0,NULL,NULL,NULL,NULL,NULL,NULL
241,319,184606,"동서가구/착불 아론 800 화장대 DF915144, 네이비[무광]",195900,263190774,False,26,4.5,6.0,False,동서가구,착불배송,3.0,NULL,네이비,NULL,모던/심플,NULL,NULL
242,320,184606,"달리빙앤 프레아 4단서랍 강화유리상판(오픈형) 화장대, 화이트",139900,40043725,False,0,4.5,92.0,False,,착불배송,2.0,NULL,화이트,NULL,NULL,스툴 없음,거울 있음
243,321,184606,반달 프렌치 엔틱 현관 콘솔 미니 원목 예쁜 거실 코발트블루,262000,1361348512,False,0,5.0,34.0,False,,0,34.0,NULL,원목,마호가니,NULL,NULL,NULL
244,323,184606,"데코퍼니쳐 다비 화장대 B 일반형, 화이트핑크",39930,5342123140,True,0,5.0,2.0,False,,0,2.0,NULL,NULL,합성목재,NULL,NULL,거울 있음
245,324,184606,"벨벳화장대 화장대 LED조명화장대 LED화장대 공주풍화장대 고급화장대, 화이트60 + LED거울+의자",158800,5066403655,False,0,,,False,,"44,000",,NULL,NULL,NULL,NULL,스툴있음,NULL
246,325,184606,"북유럽 엔틱 화장대 현관 콘솔, 화이트-골드",97000,2123614748,False,0,2.5,2.0,False,,0,2.0,NULL,NULL,NULL,NULL,NULL,NULL
247,326,184606,"풀하우스 라헬 익스텐션 화장대세트 서랍 수납 입식 화장대 정리함 거울 의자세트, 02.화이트, 02.기본형(그레이)",101900,4667952353,False,44,5.0,26.0,False,,착불배송,25.0,NULL,NULL,NULL,NULL,NULL,NULL
248,327,184606,"민규네고가구 경대, 밤색",130000,1487645628,False,0,5.0,1.0,False,,0,,NULL,브라운,NULL,클래식/엔틱,NULL,NULL
249,328,184606,"포메리트 파스텔 2단 서랍형 미니화장대, 그린",24140,1973139,True,39,4.0,151.0,False,포메리트,0,2.0,324 x 240 x 250 mm,그린,합성목재,NULL,NULL,거울 있음
250,329,184606,"원스홈 코디 600 아일랜드 서랍형 화장대(수납거울장), 네추럴",179000,1190904806,False,10,3.5,5.0,False,,착불배송,5.0,NULL,NULL,NULL,내추럴,스툴 없음,거울 있음
251,330,184606,"메라토 6D 엔틱콘솔서랍장, 엔틱",297840,98083614,False,0,5.0,4.0,False,더리체,0,1.0,NULL,NULL,NULL,클래식/엔틱,NULL,NULL
252,331,184606,"보니애가구 헬렌 고무나무 원목 수납 화장대, 거울매립형(A)",168000,1217928474,False,74,4.0,9.0,False,보니애가구,착불배송,10.0,W830*D400*H760~1160,네츄럴,원목,NULL,NULL,거울 있음
253,333,184606,"애드마인 오슬로 콘솔 화장대 1200, 화이트",139000,1959584577,False,44,5.0,10.0,False,,착불배송,10.0,NULL,화이트,NULL,모던/심플,NULL,NULL
254,334,184606,"나비 화장대 LED 조명 거울 화장대 + 의자 수납 세트 의자포함 서랍장 콘솔 예쁜 콘솔세트 예쁜화장대 메이크업 고급형 원납 스툴 북유럽, 나비화장대_화이트",148400,5233450355,False,31,5.0,1.0,False,브노오,"5,000",1.0,NULL,NULL,NULL,NULL,스툴있음,NULL
255,335,184606,"케어퍼니처 엘린 전신거울 좌식 서랍 청소년 미니 화장대 전신거울화장대, 오크화이트",64000,334431730,False,52,5.0,1.0,False,,착불배송,1.0,NULL,NULL,NULL,NULL,NULL,NULL
256,336,184606,"루리뜰가구 메이비 600화장대세트, 그레이",79900,1956012870,False,0,,,False,,착불배송,,NULL,그레이,NULL,모던/심플,NULL,NULL
257,337,184606,"데코퍼니쳐 다비 화장대 A 일반형, 우드핑크",43410,5342123208,True,0,3.5,3.0,False,,0,3.0,NULL,NULL,합성목재,NULL,NULL,거울 있음
258,338,184606,"리버퍼니쳐 윈트 1000 와이드 3단 서랍수납화장대 RZ0018, 그레이",223900,2081635043,False,0,5.0,1.0,False,,착불배송,1.0,NULL,NULL,NULL,NULL,NULL,NULL
259,339,184606,"재키 좌식 화장대 세트 800, 오크화이트",65290,1886624327,False,6,5.0,1.0,False,,0,1.0,NULL,NULL,NULL,NULL,스툴없음,NULL
260,340,184606,"아우스 MLS 이태리 로랑 천연 대리석 콘솔 테이블 골드 대리석화장대 선반 북유럽콘솔 엔틱콘솔 가구, 로랑블랙 대리석(800mm)",214500,1599157710,False,0,4.5,3.0,False,,0,3.0,NULL,블랙,대리석,북유럽,스툴 없음,NULL
261,341,184606,"화이트우드 하트 화장대 책상 정리 서랍 2단, 투명",43920,1415011186,True,0,5.0,2.0,False,,0,2.0,NULL,NULL,NULL,NULL,NULL,NULL
262,342,184606,"브리트 원목 미니 슬림 모던 콘솔 테이블 TV장식장 복도 현관 다용도 서랍장 900 콘솔, 그레이",138000,5350230072,False,0,5.0,4.0,False,,"15,000",4.0,NULL,NULL,NULL,NULL,NULL,NULL
263,344,184606,"오르난 화장대 D897, 화이트80",104000,4671492798,False,0,1.0,1.0,False,,0,1.0,NULL,화이트,NULL,모던/심플,NULL,NULL
264,345,184606,"잉글랜더 카푸치노 미니 좌식 수납 화장대, 고무나무",109000,5143152787,False,45,,,False,잉글랜더,착불배송,,NULL,NULL,NULL,NULL,NULL,NULL
265,346,184606,"레브가구 예일 수납화장대, 화이트",95000,113152625,False,42,4.5,65.0,False,,착불배송,24.0,NULL,화이트,NULL,모던/심플,스툴 없음,NULL
266,347,184606,"북유럽 조명화장대 LED조명거울 공주 연예인화장대 미니화장대, 블랙A 80 나비의자",152500,2049227990,False,46,5.0,1.0,False,,"50,000",1.0,NULL,화이트,NULL,북유럽,스툴있음,NULL
267,348,184606,"[데코라인] 루틴 전신거울 화장대 수납장, 색상:아이보리",79900,2228555627,False,55,3.0,2.0,False,데코라인,착불배송,2.0,NULL,NULL,NULL,NULL,NULL,NULL
268,349,184606,"유니크퍼니처 바바라 실속화장대 일반화장대, 오크",64900,23524532,False,7,4.0,23.0,False,,착불배송,18.0,600×370×1365,NULL,합성목재,NULL,스툴 있음,거울 있음
269,352,184606,"한스리빙 워너비 멀티 수납 화장대(싱글형) 화장대, 화이트(스툴추가구매안함)",75000,5002830141,False,0,4.5,157.0,False,,착불배송,22.0,NULL,NULL,NULL,NULL,스툴 없음,거울 있음
270,353,184606,"아씨방가구 코코 와이드 수납 슬라이딩 거울 화장대, 오크",169000,2000596306,False,22,4.5,2.0,False,아씨방,착불배송,2.0,NULL,NULL,NULL,NULL,NULL,NULL
271,354,184606,"다하미가구 다하미 전신거울 화장대, 03. 400그레이 화장대",84000,202235725,False,0,4.0,5.0,False,,착불배송,2.0,NULL,NULL,NULL,내추럴,NULL,NULL
272,355,184606,"북유럽 대리석 화장대 콘솔, 그린/80",346900,4382258286,False,0,4.0,3.0,False,,0,3.0,NULL,NULL,NULL,NULL,NULL,NULL
273,356,184606,"해외직구 유아동 토끼 화장대 원목화장대 미니화장대 (토끼 화장대+토끼 의자+화장용 부품들 포함), 토끼화장대",82900,2360278049,False,0,4.5,2.0,False,,0,2.0,NULL,화이트,NULL,키즈/캐릭터,NULL,NULL
274,357,184606,"동서가구 리브 800 서랍형 수납화장대, 오크화이트",109900,166621942,False,45,4.5,2.0,False,동서가구,착불배송,2.0,NULL,브라운,NULL,내추럴,NULL,NULL
275,358,184606,"[삼익가구]그레이스 고광택 800 서랍형 멀티 화장대, 화이트",124900,1713351905,False,34,4.0,3.0,False,삼익가구,착불배송,3.0,NULL,NULL,NULL,NULL,NULL,NULL
276,359,184606,"서랍형화장대 연예인 공주 LED조명 화장대, A",209700,4569826337,False,0,1.5,3.0,False,,0,3.0,NULL,블랙,NULL,모던/심플,스툴 있음,NULL
277,360,184606,"호두데코 스마트 아일랜드 서랍형 화장대(수납거울장) 화장대, 화이트",165000,162201527,False,12,4.5,55.0,False,,착불배송,36.0,600x500x1600,NULL,합성목재,NULL,스툴 없음,거울 있음
278,361,184606,"벨리카가구 녹스 미니화장대 좌식 화장대, 녹스 미니 좌식 화장대_그레이",42900,1594025952,False,52,5.0,1.0,False,벨리카가구,착불배송,1.0,NULL,NULL,NULL,북유럽,스툴 없음,거울 있음
279,362,184606,"삼익가구 [삼익가구]이프란 멀티수납형 3단서랍 화장대 세트 일반화장대, 화이트",95900,203498945,False,49,4.0,12.0,False,삼익가구,착불배송,8.0,NULL,화이트,NULL,모던/심플,NULL,NULL
280,363,184606,"수납 600 화장대 + 고정철물 세트, 블랙",119000,2081749713,False,7,4.0,1.0,False,,0,,NULL,블랙,NULL,NULL,NULL,NULL
281,365,184606,"그로잉퍼니쳐 로티 소나무원목 콘솔테이블 800, 화이트",47900,2092152828,False,31,3.0,15.0,False,,0,15.0,NULL,화이트,NULL,모던/심플,NULL,NULL
282,366,184606,"[홈퍼니] 큐티 미니 사각 서랍 화장대 다리형, 아카시아",23900,1092979018,False,0,4.5,4.0,False,,0,3.0,NULL,NULL,NULL,NULL,NULL,NULL
283,367,184606,"[홈퍼니] 큐티 좌식 화장대, 아카시아",45900,127020338,False,0,4.0,126.0,False,,0,31.0,W600 x D265 x H315,NULL,합성목재,NULL,스툴 없음,거울 있음
284,368,184606,동서가구 이디에프 화이트800 3단서랍장 거울세트 DF628173,109000,187514251,False,0,3.5,17.0,False,동서가구,착불배송,1.0,NULL,NULL,NULL,NULL,NULL,NULL
285,369,184606,"홈인퍼니처 미스티 삼나무 원목 서랍형 좌식화장대 대형, 그린",51100,77904967,True,0,5.0,2.0,False,,0,,대(600 x 238 x 250 mm),그린,원목,NULL,NULL,거울 있음
286,370,184606,"브론 라운드 스트라이프 콘솔, 블랙",125000,5207501863,False,0,4.5,9.0,False,,"10,000",9.0,NULL,NULL,NULL,NULL,NULL,NULL
287,371,184606,"코코로 2 화장대 세트, 메이플 + 화이트",60630,1380634453,True,16,2.5,5.0,False,블루밍홈,0,5.0,600x400x740,메이플+화이트,PB+Steel,NULL,NULL,NULL
288,372,184606,한스리빙 셀럽 LED조명 확장형 화장대(스툴포함),300100,143955650,False,0,5.0,7.0,False,,착불배송,4.0,NULL,화이트,NULL,모던/심플,스툴있음,NULL
289,373,184606,리앤갤러리 리앤아트콘솔 콘솔,84000,16181573,False,5,4.5,10.0,False,,0,3.0,82 * 25 * 76.5,브라운,NULL,클래식/엔틱,NULL,NULL
290,374,184606,"동서가구 LV 리온 서랍&화장대 4종, 04. 리온 1200 좌식 거울 화장대 (918530) 화이트",59900,2281165326,False,33,2.5,6.0,False,동서가구,착불배송,6.0,NULL,화이트,NULL,내추럴,NULL,NULL
291,375,184606,"인디우드 심플 학생 미니 입식 화장대 600, 화이트",58900,4575632432,False,0,5.0,2.0,False,인디우드,착불배송,2.0,NULL,NULL,NULL,모던/심플,스툴 없음,거울 있음
292,376,184606,"플레인홈 마기 수납 화장대 세트 + 의자 600, 멀바우",75200,1721494480,False,0,,,False,,착불배송,,NULL,NULL,NULL,NULL,스툴있음,NULL
293,378,184606,"동서가구 LV 아론 800 1200 와이드 LED 조명화장대 6종, 선택5.(915152-1)화장대컬러-화이트(유광)공간박스-선택안함",269000,1291010846,False,32,4.0,5.0,False,,착불배송,5.0,NULL,화이트,NULL,모던/심플,NULL,NULL
294,379,184606,"홈인퍼니처 미스티 삼나무 원목 좌식 화장대 서랍형 중, 그린",36620,77905158,True,0,4.0,37.0,False,,0,7.0,400X238X250mm,그린,원목,NULL,NULL,거울 있음
295,380,184606,"노바리빙 문걸이 수납 화장대, 문걸이 수납 롱후크 화장대+추가바구니 (블랙)",64500,298425695,False,0,4.5,3.0,False,노바리빙,0,1.0,NULL,블랙,NULL,NULL,스툴 없음,거울 있음
296,381,184606,"SL겔러리 프리미엄 마호가니 엔틱콘솔 빈티지서랍 장식장 거실 침실 인테리어 찬장 유리장식장 골드, 페럿유리장",321000,1986725389,False,0,5.0,2.0,False,,0,2.0,NULL,브라운,NULL,NULL,NULL,NULL
297,382,184606,"맘스오피스 티볼리 국내제작 이동식 트롤리 중형 3단, 화이트",23180,309477715,False,42,5.0,2.0,False,맘스오피스,0,2.0,NULL,NULL,NULL,NULL,NULL,NULL
298,383,184606,"[삼익가구]룸 LED조명 화장대 세트, 화이트",164900,203493188,False,72,4.0,4.0,False,삼익가구,착불배송,3.0,NULL,화이트,NULL,모던/심플,NULL,NULL
299,384,184606,"깔끔한 뷰티 대리석 상판 벨벳 화장대풀세트 테이블+서랍장+거울+의자 풀구성, J.후리스그레이80",290900,5249033813,False,0,,,False,,0,,NULL,NULL,NULL,NULL,스툴있음,NULL
300,386,184606,"방친구 세아미 좌식화장대 그리고 전신거울, 02_세아미 800 좌식본품 + 전신거울 700zs 멀바우",72800,266784452,False,0,5.0,4.0,False,방친구,착불배송,3.0,NULL,브라운,NULL,내추럴,NULL,NULL
301,387,184606,"퍼스웰 미르 상판접이식 화장대＋의자세트(BS_002), 화이트",89900,1708961806,False,32,5.0,2.0,False,퍼스웰,착불배송,2.0,NULL,NULL,NULL,NULL,NULL,NULL
302,388,184606,"[일룸]미엘갤러리 화장대, 핀란드아이보리(FIVGYM)",473000,180334858,False,0,5.0,2.0,False,일룸,0,2.0,NULL,NULL,NULL,NULL,NULL,NULL
303,389,184606,"퍼니트랜드 엔틱가구 로라 럭셔리 반달콘솔, 단품",230000,46852274,False,0,4.5,13.0,False,퍼니트랜드,0,3.0,NULL,NULL,NULL,클래식/엔틱,NULL,NULL
304,390,184606,"[더리체] 메라토 반달 엔틱콘솔서랍장, 상세 설명 참조",185070,136532197,False,7,4.0,6.0,False,더리체,0,4.0,NULL,NULL,NULL,NULL,NULL,NULL
305,392,184606,"라자가구 오브 프리티 800 화장대 AP0144, 올오크",76000,130224407,False,40,4.0,26.0,False,라자가구,0,10.0,NULL,브라운,MDF,내추럴,NULL,거울 있음
306,394,184606,"동서가구 피티 화장대 세트-1450 DF6318D2, 화이트",162240,2016235349,False,4,5.0,1.0,False,동서가구,0,1.0,NULL,NULL,NULL,NULL,NULL,NULL
307,395,184606,"그로잉퍼니쳐 로티 소나무원목 콘솔테이블 1000, 블랙",51900,2092152551,False,35,1.0,3.0,False,,0,3.0,NULL,NULL,NULL,NULL,NULL,NULL
308,396,184606,"동서가구 착불 해쉬 LPM 600 화장대 DF917763, 화이트",73900,1816067593,False,35,,,False,동서가구,착불배송,,NULL,화이트,NULL,모던/심플,NULL,NULL
309,397,184606,"퍼닉에스엠 벨라화장대+일반형 거울(의자별도), 블랙화이트",139900,135745199,False,0,4.5,13.0,False,퍼닉에스엠,착불배송,5.0,NULL,화이트,NULL,북유럽,스툴 없음,NULL
310,398,184606,"연예인화장대 책상겸 수납 화장대 세트, A",199700,1791117746,False,0,5.0,1.0,False,,0,1.0,NULL,NULL,NULL,NULL,NULL,NULL
311,399,184606,[밀키웨이] 에스카 800 원목 화장대 세트,196300,1061021388,False,0,5.0,2.0,False,,착불배송,2.0,NULL,화이트,NULL,모던/심플,스툴 있음,NULL
312,400,184606,"[에보니아] 에코온 3단 좌식화장대 [거울포함 낮은화장대 콘솔], 제품선택:에코온좌식화장대 3단",125900,1182021695,False,0,,,False,에보니아,0,,NULL,화이트,NULL,내추럴,스툴없음,NULL
313,401,184606,"리타하우스 클로이 확장형 화장대 거울세트, 오크-의자없음",89000,4667157350,False,52,5.0,4.0,False,,착불배송,4.0,NULL,오크,NULL,모던/심플,NULL,NULL
314,402,184606,제이케이피싱 3단볼레일 35mmx350mm 서랍레일 레일 서랍 가구레일 (6300820),2270,4699066746,False,29,,,False,,0,,NULL,NULL,NULL,NULL,NULL,NULL
315,403,184606,"엣지퍼니처 캐서린 심플 화장대, 화이트",139000,18529761,False,0,4.0,101.0,False,엣지퍼니처,착불배송,1.0,1595 x 400 x 1430 mm,화이트,합성목재,NULL,NULL,거울 있음
316,404,184606,"인디우드 로제 골드 화장대 세트, 네이비",169000,2281302510,False,34,4.5,3.0,False,인디우드,착불배송,3.0,NULL,NULL,NULL,모던/심플,스툴 없음,거울 있음
317,405,184606,이정가구 블리스 원목 수납 확장형 화장대 거울 세트,108000,4328331607,False,57,5.0,2.0,False,,착불배송,2.0,NULL,브라운,NULL,내추럴,NULL,NULL
318,407,184606,"소피드메종 시즌2 페페 600 1단 서랍장 PE23R, 화이트",26000,1578379921,False,55,,,False,텐스페이스,착불배송,,NULL,NULL,NULL,NULL,NULL,NULL
319,408,184606,"아씨방가구 제니 LED 조명 와이드 수납 화장대, 오크",269000,2280600176,False,10,,,False,아씨방,0,,NULL,NULL,NULL,NULL,NULL,NULL
320,410,184606,"레브가구 예일 수납화장대, 올그레이",98000,183526337,False,40,4.0,50.0,False,,착불배송,9.0,NULL,NULL,NULL,내추럴,NULL,NULL
321,412,184606,"가구데코 비비 800 좌식 화장대 수납거울 FO1002, 오크＋화이트",89000,254646433,False,40,5.0,3.0,False,가구데코,0,2.0,NULL,NULL,NULL,내추럴,스툴없음,NULL
322,413,184606,"ZHONG 복도현관 대리석콘솔, 스카이블루보드/다이아(100cm)",206400,1578701261,False,3,5.0,2.0,False,,0,2.0,NULL,NULL,NULL,NULL,NULL,NULL
323,414,184606,"보니애가구 릴리안 고무나무 원목 수납화장대 화장대, 네츄럴",170000,2117626968,False,74,4.0,1.0,False,보니애가구,착불배송,1.0,800 x 400 x 1415,네츄럴,원목,NULL,NULL,거울 있음
324,415,184606,"퍼닉에스엠 쿠션의자, 화이트",39900,135744515,False,0,5.0,1.0,False,퍼닉에스엠,착불배송,,NULL,NULL,NULL,NULL,NULL,NULL
325,416,184606,"뷰티풀스페이스 천연대리석 콘솔 화장대 장식장 CS-12 1000 x 300 x 750 mm, 프레임(로즈골드밀러), 상판(비앙코카라라)",415640,2232436630,True,6,,,False,뷰티풀스페이스,0,,NULL,골드,NULL,모던/심플,NULL,NULL
326,418,184606,비에꼴 라탄화장대 2단 거울 (스탠드 & 행잉가능),119000,333592020,False,0,,,False,,0,,NULL,NULL,NULL,NULL,NULL,NULL
327,419,184606,"필웰 테미스 화장대 거울상부수납장800 DVX, 단품",79000,36767375,False,20,4.5,5.0,False,필웰,착불배송,1.0,NULL,화이트,NULL,모던/심플,NULL,NULL
328,420,184606,"데코라인 산타나 입식화장대+원형스툴 일반화장대, 네츄럴오크",99000,1254205529,False,52,2.0,1.0,False,데코라인,착불배송,1.0,NULL,NULL,NULL,NULL,스툴 있음,NULL
329,421,184606,"심플 모던 원목 콘솔 주니어 학생 성인 화장대 화장대겸책상 입식 미니 화장대의자세트, 50cm 고양이 거울 핑크",96800,4397467152,False,17,1.0,5.0,False,,0,5.0,NULL,핑크,NULL,키즈/캐릭터,스툴있음,NULL
330,422,184606,"리앳홈 라보떼 다용도 원목 슬림 콘솔 테이블 1200 4컬러, 브라운",89000,1822689376,False,25,5.0,1.0,False,,0,1.0,NULL,브라운,NULL,모던/심플,NULL,NULL
331,423,184606,좌식다리미니화장대 이조공예 전통 고가구 한옥가구,334000,5072102437,False,28,5.0,1.0,False,,0,1.0,NULL,NULL,NULL,NULL,NULL,NULL
332,424,184606,"럭셔리 공주화장대 벨벳 의자 LED 거울 테이블, 60cm 핑크 세트(거울 의자 포함)_일체형",286400,4348997159,False,0,,,False,,0,,NULL,NULL,NULL,NULL,스툴있음,NULL
333,425,184606,"[두닷모노] 루나 수납 좌식화장대_아이보리, 아이보리",78000,164224158,False,50,4.5,30.0,False,두닷모노,0,13.0,NULL,화이트,NULL,모던/심플,스툴없음,NULL
334,426,184606,"원목 복도콘솔 벽난로선반 현관 인테리어 콘솔, D",94700,2233623438,False,0,,,False,,0,,NULL,NULL,NULL,NULL,NULL,NULL
335,427,184606,"반원형 북유럽 대리석 콘솔 골드 프레임 테이블 복도콘솔, 01_골드",52100,4550696219,False,8,5.0,1.0,False,,"5,000",1.0,NULL,NULL,NULL,NULL,NULL,NULL
336,428,184606,"엔틱화장대 북유럽 바로크 화장대세트, 725 스툴 아이보리, 조립",101600,5280354494,False,0,,,False,,0,,NULL,NULL,NULL,NULL,NULL,NULL
337,430,184606,"준우드 NEW 다비 화장대 A, NEW_다비화장대_A_우드화이트",54900,5308515702,False,50,,,False,,0,,NULL,NULL,NULL,NULL,NULL,NULL
338,431,184606,마르앙 엔틱가구 금박공예 6D 사각콘솔 서랍장 화장대,483770,5355645155,False,21,,,False,,0,,NULL,NULL,NULL,NULL,NULL,NULL
339,432,184606,"[두닷모노] 레이 좌식 플러스 수납화장대_IV, 아이보리",90000,164223331,False,30,5.0,5.0,False,두닷모노,0,4.0,NULL,화이트,NULL,모던/심플,NULL,NULL
340,433,184606,"다니엘우드 핸드메이드 엔틱 거실 인테리어 가구 책상 콘솔 의자 모음, 선택11)콘솔테이블1000x300(아카시아)",57000,328642266,False,29,,,False,다니엘우드,착불배송,,NULL,NULL,NULL,NULL,NULL,NULL
341,434,184606,"북유럽 서랍 골드 철제 콘솔 현관 복도 거실 매장 가게 장식 테이블, 간단한 조립식 + 블랙 60x40x85",211100,5262179645,False,10,,,False,,0,,NULL,NULL,NULL,NULL,NULL,NULL
342,435,184606,"그린우드 뷰티페이스 수납 화장대 스툴포함, 베이직스툴 베이지, 뷰티페이스 오크",100800,1925777601,False,53,4.5,3.0,False,그린우드,착불배송,3.0,NULL,NULL,NULL,NULL,NULL,NULL
343,436,184606,"[SM거울]스마트 벽걸이 거울, 옹이",24610,5384191839,False,4,,,False,,0,,NULL,NULL,NULL,NULL,NULL,NULL
344,437,184606,"포메리트 삼나무 수납형 경사 미니 서랍 화장대, 원목",69800,1973140,False,0,4.0,180.0,False,포메리트,0,,370 x 235 x 260 mm,브라운,원목,NULL,NULL,거울 있음
345,438,184606,"해해동동 썬 LED 조명 좌식화장대 (88), 화이트",209000,1829808038,False,0,,,False,해해동동,착불배송,,NULL,NULL,NULL,NULL,스툴없음,NULL
346,439,184606,"엔틱가구 북유럽화장대 의자 거울 세트 800 1000, 80cm B형 엔틱화장대 (의자포함)",289000,2092962918,False,0,,,False,,0,,NULL,화이트,NULL,클래식/엔틱,스툴 있음,NULL
347,440,184606,"라라홈 라라 LED 수납 화장대, 1200슬라이드콘솔",229000,315844738,False,37,5.0,9.0,False,,착불배송,9.0,NULL,NULL,NULL,NULL,NULL,NULL
348,441,184606,"보루네오 하우스 윈트 옵셋 익스텐션 화장대, 오크",134700,332740199,False,0,5.0,1.0,False,보루네오하우스,0,1.0,NULL,NULL,NULL,NULL,NULL,NULL
349,442,184606,"파란들 소나무 원목 1200 콘솔 테이블, 화이트",82900,202272864,False,0,4.0,3.0,False,파란들,0,2.0,NULL,NULL,NULL,NULL,NULL,NULL
350,443,184606,"파로마 로사 600 LED 화장대세트 GG08, 그레이",129500,181711138,False,33,5.0,4.0,False,파로마,0,3.0,NULL,그레이,NULL,모던/심플,스툴 있음,NULL
351,444,184606,"브레드 아이보리 스퀘어 콘솔 수납장, 단품",423000,187830612,False,10,5.0,1.0,False,퍼니트랜드,0,,NULL,NULL,NULL,클래식/엔틱,NULL,NULL
352,445,184606,"연예인 조명화장대 북유럽 화장대 세트, 핑크100",210700,1272071350,False,0,4.0,4.0,False,,0,2.0,NULL,NULL,NULL,NULL,NULL,NULL
353,446,184606,"홈인퍼니처 미스티 삼나무 원목 서랍형 좌식화장대, 핑크",51100,9491329,True,0,4.0,7.0,False,,0,2.0,268 x 238 x 250 mm,핑크,원목,NULL,NULL,거울 있음
354,447,184606,"북유럽 엔틱 원목 서랍 콘솔 현관 복도 거실 매장 가게 장식 테이블, D",73100,5510022392,False,43,,,False,,0,,NULL,NULL,NULL,NULL,NULL,NULL
355,448,184606,"앉은뱅이 좌식수납 좌식원목 원룸 화장대 거울 미니 좌식화장대 시즌2 600 세트 써니 거실장 가구, 메이플",154000,5513188996,False,16,4.0,1.0,False,,"15,000",1.0,NULL,NULL,NULL,NULL,스툴없음,NULL
356,449,184606,"하우스틸 모네 철제 2단 선반 콘솔, 블랙",81000,1832926244,False,0,5.0,1.0,False,하우스틸,"10,000",1.0,NULL,NULL,NULL,NULL,NULL,NULL
357,450,184606,"리바트 스페이스 수납화장대 슬라이딩유리형 화장대, 내추럴오크",171100,8843504,False,35,5.0,1.0,False,리바트,0,,NULL,브라운,합성목재,NULL,스툴 없음,거울 있음
358,451,184606,"삼나무 원목 좌식 원룸 작은 화장대 경대, 이케이몰 원목 화장품정리함 정사각타입 FM-14",33710,180718717,False,0,4.5,3.0,False,,0,,NULL,NULL,NULL,내추럴,NULL,NULL
359,452,184606,"원마인드 400 다용도 옷장 겸 수납 화장대, 샤르망400수납화장대-오크",134000,5294669606,False,42,,,False,,착불배송,,NULL,NULL,NULL,NULL,NULL,NULL
360,454,184606,"제이앤제이 LPM 600 수납 화장대, 오크화이트(스툴제외)",65900,110184359,False,21,4.5,14.0,False,제이앤제이,착불배송,5.0,NULL,브라운,NULL,내추럴,스툴 없음,NULL
361,456,184606,"[동서가구] 루카 고무나무 원목 확장형 서랍 거울화장대, 색상:내츄럴",139500,4749546477,False,15,,,False,동서가구,0,,NULL,NULL,NULL,NULL,NULL,NULL
362,457,184606,"젠느 엔틱 마호가니 원목 화사한 세련된 테이블형 진열 화장대 고급 서랍장 콘솔(아이보리), 아이보리",404000,1765801928,False,40,5.0,1.0,False,,0,1.0,NULL,NULL,NULL,NULL,NULL,NULL
363,458,184606,"리젠우드H 바티스 서랍 좌식 화장대+협탁 세트 (착불)/, 올메이플",143800,156609533,False,32,,,False,,착불배송,,NULL,NULL,NULL,NULL,스툴없음,NULL
364,459,184606,"장인가구 아이브 하스 1200 와이드 서랍장 화장대, 오크아이보리",245000,164228380,False,25,,,False,,0,,NULL,NULL,NULL,NULL,NULL,NULL
365,460,184606,"[데코라인] 코넬 니즈 800 확장형 수납화장대 세트 DNC021, 색상:화이트",122550,1201019144,False,41,4.5,3.0,False,데코라인,0,2.0,NULL,화이트,NULL,모던/심플,NULL,NULL
366,461,184606,"가구데코 프렌체 800 화장대 AP0144, 올오크",76000,40469707,False,40,4.0,18.0,False,가구데코,0,1.0,NULL,오크,MDF,NULL,NULL,NULL
367,463,184606,"리치웰 라인 스틸 서랍둘 화장대 1000, 멀바우",143040,4919430674,False,52,,,False,리치웰,착불배송,,NULL,NULL,NULL,NULL,NULL,NULL
368,465,184606,"TAOYE 북유럽 엔틱 화장대 현관 콘솔-Q2914DR, 120cm화이트(골드)",125000,1703307157,False,0,4.0,20.0,False,,0,19.0,NULL,화이트,NULL,클래식/엔틱,NULL,NULL
369,466,184606,"쉬몽 리프 1200 전신거울 화장대, 메이플",64720,5269484772,True,0,1.0,4.0,False,쉬몽,0,4.0,400 x 295 x 1200 mm,브라운,NULL,NULL,NULL,거울 있음
370,467,184606,"무이드 화장대 세트 800, 진베이지",144670,251815736,False,5,5.0,2.0,False,우아미,0,1.0,NULL,NULL,NULL,NULL,NULL,NULL
371,468,184606,동서가구 카렌 편백나무원목3단서랍화장대세트 FO808-1,259470,5077374015,False,7,,,False,동서가구,0,,NULL,NULL,NULL,NULL,NULL,NULL
372,469,184606,"미니화장대 화장대 저렴한화장대 어린이화장대 소형 감성 원룸 자취생, P",27300,2213973213,False,0,3.5,2.0,False,,"10,000",2.0,NULL,NULL,NULL,NULL,NULL,NULL
373,470,184606,"라비 LPM 600x1820 전신거울 수납장MP2_LY0153, 그레이",161070,5290604712,False,9,,,False,,0,,NULL,NULL,NULL,NULL,NULL,NULL
374,471,184606,"뷰티풀스페이스 천연대리석 콘솔 화장대 장식장 CS-05 1000 x 250 x 800 mm, 프레임(로즈골드밀러), 상판(아리스톤)",297000,2232436565,True,0,4.0,2.0,False,뷰티풀스페이스,0,1.0,NULL,화이트,NULL,모던/심플,NULL,NULL
375,472,184606,"더리체 빈티지엔틱 루띠끄 프렌치 콘솔서랍장, 단품",460030,98082581,False,4,5.0,2.0,False,더리체,0,1.0,NULL,NULL,NULL,NULL,NULL,NULL
376,474,184606,"조립식 벽난로 콘솔 현관 리모델링 테이블 선반 복고 북유럽 인테리어, A79",134200,5459811515,False,16,,,False,,0,,NULL,NULL,NULL,NULL,NULL,NULL
377,475,184606,"보네르스토리 나비 미니화장대, 화이트",44400,4362670,False,0,3.5,6.0,False,,0,,30 x 24.5 x 33 cm,NULL,삼나무,NULL,스툴 없음,거울 있음
378,477,184606,서랍장 수납화장대 세트 스툴포함 책상겸용 화이트,102000,5211990717,False,0,,,False,,0,,NULL,화이트,NULL,NULL,스툴 있음,거울 있음
379,478,184606,"좁고긴테이블 복도 장식장 입식 미니 화장대 현관 엔틱 협탁 콘솔 Opl, 블랙",111300,2348604975,False,0,1.0,1.0,False,,0,1.0,NULL,NULL,NULL,NULL,NULL,NULL
380,479,184606,"로뎀나무 엘리야 아카시아원목 콘솔 슬림 바테이블 폭좁은 베란다 테이블, 09_엘리야 400x1400 콘솔",124000,5240000754,False,0,,,False,로뎀나무,0,,NULL,NULL,NULL,NULL,NULL,NULL
381,480,184606,"퍼니아트 마야 수납형 화장대, 화이트",210000,4232493,False,0,4.0,77.0,False,퍼니아트,착불배송,,가로 120~180cm x 세로 41.5cm x 높이 143.5cm,NULL,PB + MDF,NULL,스툴 없음,거울 있음
382,481,184606,"가구몬스터 뮤즈 원목 수납 화장대 세트 M476 콘솔형 거울포함, 800 일반화장대-월넛",259000,1694532574,False,36,3.5,3.0,False,가구몬스터,착불배송,3.0,NULL,NULL,원목,내추럴,스툴 없음,거울 있음
383,482,184606,"바보사랑 마기 수납 화장대 세트 600.플레인홈(무료배송), 멀바우",78510,4784257378,False,5,,,False,바보사랑,0,,NULL,NULL,NULL,NULL,NULL,NULL
384,483,184606,"가정용 화장대 원형거울 심플디자인 풀세트 침실 심플 디자인, 80cm 고양이 핑크 좌장 의자",100200,5374156177,False,0,,,False,,0,,NULL,NULL,NULL,NULL,NULL,NULL
385,486,184606,"이담가구 고광택 하이그로시 위너스 예쁜 콘솔 수납화장대, 위너스_유리도어형(화이트)",157000,209710968,False,0,4.0,2.0,False,,착불배송,,NULL,NULL,NULL,NULL,NULL,NULL
386,487,184606,"착한가구 메리다 화장대, 01_메리다 600 3단 화장대 멀바우+화이트",72900,90620647,False,0,5.0,11.0,False,착한가구,착불배송,6.0,NULL,브라운,NULL,내추럴,NULL,NULL
387,488,184606,"옷장 침실 수납장 통합 현대적인 미니멀 한 그물 빨간색 바람 작은 아파트 드레싱 테이블, 80cm 핑크 러브 미러 오른쪽 캐비닛 + 스_어셈블리",84500,4632439750,False,0,,,False,,"25,000",,NULL,NULL,NULL,NULL,NULL,NULL
388,489,184606,"퍼니아트 엘리노 화장대, 화이트",159800,215617205,False,0,,,False,퍼니아트,착불배송,,(W)80cmx(D)40cmx(H)131.5cm,NULL,합성목재,NULL,스툴 없음,거울 있음
389,490,184606,"숨결 [숨결] 유씨엠 코코미니 400(다리) 좌식화장대, 오크화이트",25990,5464833630,False,3,,,False,,0,,NULL,NULL,NULL,NULL,스툴없음,NULL
390,491,184606,"zips 엘라 600 입식 화장대, 01_엘라 600 입식 화장대is 화이트",48000,169296722,False,3,4.0,26.0,False,,착불배송,10.0,NULL,화이트,합성목재,NULL,스툴 없음,수납형 거울
391,494,184606,"잉글랜더 미스틱 1000 수납 화장대(거울제외), 화이트",119000,5157405597,False,48,,,False,잉글랜더,착불배송,,NULL,NULL,NULL,NULL,NULL,NULL
392,495,184606,"현관콘솔 북유럽 현대 인테리어 복도 테이블, A타입80",147700,2239322325,False,0,,,False,,0,,NULL,NULL,NULL,NULL,NULL,NULL
393,496,184606,보루네오 하우스 아르메 퓨어 서랍 화장대 세트1200 빅와이드 3단+수납거울,202620,5329602662,False,3,,,False,,0,,NULL,NULL,NULL,NULL,NULL,NULL
394,497,184606,"우리집 전신거울 화장대 수납장 선반장, 오크그레이",89000,101902898,False,0,4.5,30.0,False,,착불배송,5.0,NULL,브라운,NULL,내추럴,NULL,NULL
395,498,184606,"베스트리빙 스완 콘솔세트, 화이트",119000,1775638797,True,0,4.5,6.0,False,베스트리빙,0,3.0,NULL,NULL,NULL,NULL,NULL,NULL
396,499,184606,"파란들 파코스 원목 콘솔 1200, 블랙",90160,1201923873,False,4,,,False,파란들,0,,NULL,NULL,NULL,NULL,NULL,NULL
397,500,184606,"더리체 수입엔틱 모카 콘솔 3도어, 단품",194650,98109559,False,15,5.0,1.0,False,더리체,0,,NULL,NULL,NULL,NULL,NULL,NULL
398,501,184606,"드리밍 모던 600 슬라이딩 입식 수납화장대 거울포함, 화이트",59900,1677632489,False,0,,,False,,착불배송,,NULL,NULL,NULL,NULL,NULL,NULL
399,502,184606,"대리석 콘솔 골드 현관 철제 화장대, AA_골드 + 화이트 락 보드 120 * 30 * 80",229800,5318456291,False,0,,,False,,0,,NULL,NULL,NULL,NULL,NULL,NULL
400,503,184606,제이케이피싱 우디코크 마루 가구보수재(70g) 마루보수 강화마루 (6275701),6630,4972214982,False,17,,,False,,0,,NULL,NULL,NULL,NULL,NULL,NULL
401,504,184606,"북유럽 LED 거울 입식 라이트 화장대 벨벳 의자 서랍장 세트 가죽 골드, U",452000,2265097005,False,51,,,False,,0,,NULL,NULL,NULL,NULL,NULL,NULL
402,505,184606,"방친구 페트라 귀여운 좌식화장대, 01_페트라 480 좌식 화장대 그레이iz",37900,1468009870,False,0,1.0,1.0,False,방친구,착불배송,1.0,NULL,NULL,NULL,모던/심플,스툴 없음,거울 있음
403,506,184606,"바보사랑 소프리 좌식 화장대 세트 1120.플레인홈(무료배송), 그레이",119290,5253981915,False,5,,,False,바보사랑,0,,NULL,NULL,NULL,NULL,스툴없음,NULL
404,507,184606,"천연 대리석 골드 화장대 콘솔 화장대세트, 핑크골드의자",69000,1677893821,False,0,,,False,,0,,NULL,NULL,NULL,NULL,NULL,NULL
405,508,184606,"데코라인 뉴밀러 경대 (거울+거치대포함) 화장대거울 하이그로시 벽걸이 탁상 화장대 서랍장거울, 화이트",61900,1722288136,False,0,,,False,데코라인,착불배송,,600mm x 800mm x 18mm,NULL,유리,모던/심플,NULL,NULL
406,510,184606,"동서가구 푸름 소나무원목 콘솔 테이블 1200, 화이트",84630,5097931549,False,7,5.0,1.0,False,동서가구,0,1.0,NULL,NULL,NULL,NULL,NULL,NULL
407,511,184606,"콘솔 테이블 다용도 반달콘솔 폭좁은 콘솔장식장 반원형 현관콘솔 철제 호텔 인테리어 북유럽, 01 모조고백, 01 아니오",844000,5524193332,False,0,,,False,,0,,NULL,NULL,NULL,NULL,NULL,NULL
408,512,184606,[국내제작] 모던 화이트 벽난로 콘솔 장식장 수납장,289000,5416387848,False,39,,,False,,"35,000",,NULL,화이트,NULL,모던/심플,NULL,NULL
409,513,184606,"[미즌하임] 에덜린 콘솔세트/화장대세트_EDELIN, 상세 설명 참조",209150,302276090,False,0,,,False,,착불배송,,NULL,NULL,NULL,NULL,NULL,NULL
410,515,184606,반달 프렌치 엔틱 현관 콘솔 엘로우,262000,5269707184,False,0,,,False,,0,,NULL,NULL,NULL,NULL,NULL,NULL
411,516,184606,"북유럽 스타일 화장대 LED거울 침실 모던 심플 화장테이블 연예인 화장대 메이크업 거울 책상 서랍 거울화장대 입식 좌식화장대, 80cm 더블 테이블+회전 미러+ 의자",171600,5552425053,False,81,,,False,,"38,000",,NULL,NULL,NULL,NULL,스툴있음,NULL
412,517,184606,"리더스가구 800 서랍 콘솔 테이블/사이드테이블, 화이트",89900,5464160500,False,0,,,False,,"10,000",,NULL,NULL,NULL,NULL,NULL,NULL
413,518,184606,"셀레스타 프리티B 덮개식 거울 좌식 화장대, 화이트그레이_AAG26A",39900,5116915157,False,39,4.0,22.0,False,,0,11.0,600 X 250 X 410 mm,NULL,합성목재,NULL,스툴 없음,거울 있음
414,519,184606,"라자가구 위드 심플 800 화장대 cw083, 메이플",69900,329090894,False,48,5.0,1.0,False,라자가구,착불배송,1.0,NULL,NULL,NULL,NULL,NULL,NULL
415,520,184606,"원스홈 플렉스 600 서랍형 화장대(수납거울장), 화이트",159000,332478921,False,0,5.0,1.0,False,,착불배송,1.0,600x500x1555mm,NULL,합성목재,NULL,스툴 없음,거울 있음
416,521,184606,"라운딩 심플 좌식화장대, 화이트",39000,5443873032,False,29,,,False,,0,,NULL,NULL,NULL,NULL,스툴없음,NULL
417,522,184606,"엘르 LPM하이그로시 확장형 화장대/일반거울, 그레이+화이트",279000,1679721838,False,0,,,False,,착불배송,,NULL,NULL,NULL,NULL,NULL,NULL
418,523,184606,"철철철 철제 슬림 콘솔, 화이트1단선반형(800*200*700)",87000,1549722927,False,0,5.0,3.0,False,,0,3.0,NULL,NULL,NULL,NULL,NULL,NULL
419,524,184606,"[보루네오 하우스] 아르메 퓨어 수납거울, 화이트",42900,5358792587,False,53,,,False,보루네오하우스,착불배송,,NULL,NULL,NULL,NULL,NULL,NULL
420,525,184606,"동서가구 메종 서랍형 화장대세트의자 전신거울포함, 화이트",157170,5097417349,False,7,,,False,동서가구,0,,NULL,NULL,NULL,NULL,NULL,NULL
421,526,184606,"뷰티풀스페이스 천연대리석 콘솔 화장대 장식장 CS-05 1000 x 300 x 750 mm, 프레임(골드밀러), 상판(아리스톤)",265000,2232436696,True,3,,,False,뷰티풀스페이스,0,,NULL,화이트,NULL,클래식/엔틱,NULL,NULL
422,527,184606,"지앤퍼니 제나 슬림 아카시아 원목 콘솔 현관 복도 바 테이블 국내생산 1000 1200 1400 1800, 1단",108000,5062488428,False,51,,,False,,착불배송,,NULL,NULL,NULL,NULL,NULL,NULL
423,528,184606,"VXX248563(국내산 좋은 거울) 스타 미로라인 원형 손거울 71x9x125mm ST332 원목 단면, 실버",8140,4512232474,False,0,5.0,1.0,False,,"2,750",1.0,NULL,NULL,NULL,NULL,NULL,NULL
424,529,184606,리안체 Leanche 라니아 의자,45000,42900800,False,0,4.5,2.0,False,리안체,착불배송,,NULL,NULL,NULL,NULL,NULL,NULL
425,530,184606,"마켓비 MAKUP 화장대 TBM7290D, 캄포어베니어",199940,1978169119,True,0,,,False,마켓비,0,,NULL,NULL,NULL,NULL,NULL,NULL
426,531,184606,"제이에스리빙 좌식 화장대 세트 미니 거울 원목 수납 화장품 책상 수납형 화장 정리함 콘솔 서랍장 접이식 정리대 소형 틈새 화이트 엔틱 서랍형 K6799 40x38x60, 단품",37700,5504877141,False,0,,,False,,0,,NULL,NULL,NULL,NULL,NULL,NULL
427,532,184606,"데코라인 벤티 800 다용도 콘솔형 서랍장(거울제외), 다크그레이",101650,116343950,False,27,,,False,데코라인,0,,NULL,NULL,NULL,NULL,NULL,NULL
428,533,184606,"트루베퍼니처 카라 와이드 수납 화장대, 화이트",158000,1075039239,False,0,4.5,3.0,False,트루베퍼니처,착불배송,3.0,NULL,NULL,NULL,NULL,NULL,NULL
429,534,184606,"[파로마]피안느엔틱1400와이드화장대CA, 화이트",840000,156677059,False,0,,,False,파로마,착불배송,,NULL,NULL,NULL,NULL,NULL,NULL
430,535,184606,"[파로마]멜리나투서랍1200좌식화장대DG, 아카시아",99000,57707393,False,0,,,False,파로마,착불배송,,NULL,브라운,NULL,내추럴,NULL,NULL
431,537,184606,"STK 빈티지 크리스탈 빈 향수병 짧은 스프레이 분무기 유리 100ml, 자",8710,253753654,False,8,4.0,2.0,False,,0,1.0,NULL,NULL,NULL,NULL,NULL,NULL
432,538,184606,"루이송 마리앙 화장대 풀세트 (완제품배송), 화이트",149000,62877728,False,0,4.0,54.0,False,루이송,"20,000",7.0,68x40x141cm,NULL,NULL,클래식/엔틱,스툴 있음,거울 있음
433,539,184606,"파로마 인기만점 이브 LED 화장대 수납화장대, 오크",149000,5015974298,False,25,4.0,275.0,False,파로마,착불배송,62.0,(W)1000x(H)410)x(D)1375mm,NULL,"LED,MDF,PB,데코시트,볼레일,거울 외",NULL,스툴 없음,
434,540,184606,동서가구 3단 서랍장 + 거울 DF630214,129000,445029,False,0,4.5,41.0,False,동서가구,0,7.0,NULL,화이트,합성목재,NULL,NULL,거울 있음
435,541,184606,"브렌트 좌식 화장대 세트 500, 화이트",55100,4383526907,False,0,3.5,4.0,False,,착불배송,4.0,NULL,화이트,NULL,북유럽,스툴없음,NULL
436,542,184606,"동서가구 엘린 1400 멀티 좌식 화장대, 메이플화이트",109000,51528148,False,27,4.0,5.0,False,동서가구,착불배송,2.0,NULL,브라운,NULL,내추럴,NULL,NULL
437,544,184606,"대리석 상판 벨벳 화장대 풀세트 고급 파우더룸 이케아 LED거울, 가죽화이트80+거울+나비의자",294300,4368280650,False,0,4.0,2.0,False,,0,2.0,NULL,NULL,NULL,NULL,스툴있음,NULL
438,545,184606,"10SPACE 루나 600 입식 수납거울 화장대 LN01, 멀바우화이트",54000,196489153,False,31,4.5,3.0,False,텐스페이스,착불배송,3.0,NULL,브라운,NULL,내추럴,스툴 없음,NULL
439,546,184606,"크렌시아 이브 LED 확장형 수납 화장대, 화이트",139000,1142265389,False,33,4.5,46.0,False,크렌시아,착불배송,36.0,NULL,화이트,NULL,NULL,NULL,거울 있음
440,547,184606,"밀키웨이 스칼렛 프리미엄 화장대(수납거울장), 네추럴_크림서랍(의자추가구매안함)",139000,90788547,False,6,4.5,82.0,False,밀키웨이,착불배송,27.0,NULL,화이트,NULL,내추럴,스툴 없음,NULL
441,548,184606,"[삼익가구]아이니 초대형 와이드 전신거울 400(거치대포함), 화이트",39900,1195549882,False,55,4.5,10.0,False,삼익가구,착불배송,8.0,NULL,NULL,NULL,NULL,NULL,NULL
442,549,184606,"파로마 바이엘 수납형 원목화장대, 화이트",129000,111328237,False,27,4.0,21.0,False,파로마,착불배송,5.0,NULL,화이트,NULL,모던/심플,NULL,NULL
443,552,184606,"화이트 사이드 원형 엔틱 현관 미니 콘솔 협탁 유럽, 39x61 골드",59680,1779458774,False,7,4.0,5.0,False,,0,5.0,NULL,화이트,NULL,클래식/엔틱,NULL,NULL
444,556,184606,파인굿즈 먼지걱정없는이동식 화장품정리대 미니화장대,17400,4507478799,False,41,5.0,24.0,False,파인굿즈,0,21.0,NULL,NULL,NULL,NULL,NULL,NULL
445,557,184606,"퍼니트랜드 엔틱가구 시엘 스카이 블루 콘솔, 단품",273600,46852500,False,5,5.0,51.0,False,퍼니트랜드,0,23.0,NULL,블루,NULL,클래식/엔틱,NULL,NULL
446,558,184606,"포메리트 큐브 삼나무 1단 서랍화장대, 원목",25000,1167777,True,32,4.0,91.0,False,포메리트,0,7.0,265×240×250mm,베이지,원목,NULL,NULL,거울 있음
447,560,184606,"미르가구 라운딩 심플 좌식 화장대, 화이트",49900,1760707390,False,0,3.5,3.0,False,,"5,500",3.0,NULL,화이트,NULL,모던/심플,NULL,NULL
448,561,184606,"트루베퍼니처 라끄 시크릿 수납거울, 화이트",166000,4530328099,False,0,3.0,23.0,False,트루베퍼니처,0,23.0,NULL,NULL,NULL,NULL,NULL,NULL
449,562,184606,"노바리빙 문걸이 수납 화장대+추가바구니 벽걸이거울 수납선반, 블랙",64500,298456722,False,0,4.0,6.0,False,노바리빙,0,4.0,NULL,블랙,NULL,모던/심플,NULL,NULL
450,565,184606,[파스텔우드] 골드 화장대 장식장 콘솔,149000,1370944618,False,15,4.5,14.0,False,,0,14.0,NULL,골드,NULL,모던/심플,스툴 없음,거울 없음
451,566,184606,"채움 릴리 전신거울 화장대, 01_릴리 전신거울 화장대is 멀바우",63800,263537385,False,1,2.0,6.0,False,채움,착불배송,6.0,NULL,NULL,합성목재,내추럴,NULL,거울 있음
452,567,184606,"[아이앤]니뜨프리티화장대KH(의자포함), 화이트",69000,19174201,False,0,4.0,197.0,False,아이앤,착불배송,13.0,NULL,화이트,합성목재,NULL,스툴 있음,거울 있음
453,568,184606,"상일리베가구 웰시 드레스룸 (600 틈새 화장대), 오크",105900,263779880,False,59,4.0,1.0,False,상일리베가구,0,1.0,NULL,브라운,NULL,내추럴,NULL,NULL
454,569,184606,크로니클 엔틱가구 비안떼 1000 콘솔 CSC-9006,146850,205293256,False,11,4.5,10.0,False,,"25,000",5.0,NULL,NULL,NULL,클래식/엔틱,NULL,NULL
455,572,184606,"동서가구 케이치 1450화장대 DF630514, 화이트",106560,2016233728,False,4,5.0,1.0,False,동서가구,0,2.0,NULL,NULL,NULL,NULL,NULL,NULL
456,573,184606,더리체 안티 6서랍 엔틱콘솔장,204740,1948432059,False,6,,,False,,0,,NULL,NULL,NULL,NULL,NULL,NULL
457,577,184606,"해해동동 샤인좌식콘솔 좌식화장대, 아카시아",165900,30231612,False,50,4.5,8.0,False,해해동동,착불배송,2.0,W1200~1600*D405*H1125mm,NULL,합성목재,NULL,스툴 없음,거울 있음
458,578,184606,"올쏘 플랑 원목 서랍 콘솔 화장대, 아이보리",104640,1886774546,False,4,,,False,올쏘,0,,NULL,화이트,NULL,내추럴,NULL,NULL
459,579,184606,"파로마 로사 600 화장대세트 GG07, 블랙",110300,181711063,False,33,4.5,2.0,False,파로마,0,1.0,NULL,블랙,NULL,모던/심플,스툴 있음,NULL
460,580,184606,"쉬몽 리프 좌식 수납 1200 화장대 화이트, 거울화장대(화이트)",65000,4542877722,False,2,5.0,2.0,False,쉬몽,착불배송,2.0,NULL,NULL,NULL,NULL,NULL,NULL
461,581,184606,"[데코라인] 마루 4단 서랍장겸 스탠딩 수납화장대, 색상:화이트",104500,173192554,False,0,3.0,3.0,False,데코라인,0,3.0,NULL,화이트,NULL,모던/심플,NULL,NULL
462,582,184606,"풀하우스 라헬 익스텐션 화장대 거울포함 수납 서랍 정리함 입식 화장대 거울세트, 화이트",81900,5315589349,False,48,4.5,17.0,False,,착불배송,17.0,W800~1300 x D400 x H1360mm,화이트,합성목재,NULL,NULL,거울 있음
463,584,184606,파인굿즈 먼지걱정없는이동식 화장품정리대 미니화장대,20500,139507425,False,17,4.5,21.0,False,파인굿즈,0,3.0,NULL,NULL,NULL,내추럴,NULL,NULL
464,586,184606,"빈티지 엔틱 현관 복도 미니 테이블 화장대 콘솔, 화이트 실버60cm",97000,4698042954,False,0,5.0,3.0,False,,0,3.0,NULL,화이트,NULL,클래식/엔틱,NULL,NULL
465,589,184606,"[마레앤코] 트레비 LED 벽난로 콘솔 800, 상세 설명 참조",134830,5359747163,False,43,,,False,마레앤코,0,,NULL,NULL,NULL,NULL,NULL,NULL
466,590,184606,"복도 현관 원목 콘솔 서랍장 사이드테이블, C타입",96000,1287373531,False,9,4.0,5.0,False,,0,5.0,NULL,NULL,NULL,NULL,NULL,NULL
467,591,184606,"필웰테미스센스벽걸이화장대(수납), 화이트",51200,1083635408,False,0,,,False,,0,,NULL,NULL,NULL,NULL,NULL,NULL
468,595,184606,"[홈퍼니] 미니 좌식 화장대 중형, 워시옹이",29900,14203865,False,0,4.5,21.0,False,,0,9.0,W300 x D240 x H402 (mm),NULL,합성목재,NULL,스툴 없음,거울 있음
469,596,184606,"마켓비 STANDOT 콘솔 8040H75, 화이트",87400,1557606767,False,5,5.0,4.0,False,마켓비,0,4.0,NULL,NULL,NULL,NULL,NULL,NULL
470,599,184606,"다니엘우드 사이드테이블 삼나무 아카시아 원목 좁은 공간 슬림한 테이블, 삼나무1200×300",64000,4890537,False,29,5.0,33.0,False,다니엘우드,착불배송,6.0,1200×300×720,베이지,원목,NULL,NULL,NULL
471,600,184606,"DT9811 무노 다기능 입식화장대 DVX, 화이트",69900,1603086989,False,32,4.0,4.0,False,필웰,착불배송,4.0,NULL,화이트,NULL,모던/심플,NULL,NULL
472,601,184606,"퍼니트랜드 엔틱가구 루나 발렌티나 콘솔, 단품",380000,46852283,False,0,5.0,2.0,False,퍼니트랜드,0,1.0,NULL,블루,NULL,클래식/엔틱,NULL,NULL
473,602,184606,"데코라인 시크 화장대 전신경, 오크화이트",91200,182407064,False,23,4.0,1.0,False,데코라인,0,1.0,NULL,브라운,NULL,내추럴,스툴 없음,NULL
474,604,184606,"좌식화장대 미니 소형 메이크업 선반 이케아 화장대, C타입 55cm 웜화이트",65000,4827091364,False,61,3.0,1.0,False,,0,1.0,NULL,NULL,NULL,NULL,스툴없음,NULL
475,606,184606,"블루밍홈 고무나무 원목 콘솔 테이블 A, 네츄럴",51000,1312606887,False,0,4.0,5.0,False,블루밍홈,"4,500",5.0,NULL,NULL,NULL,NULL,NULL,NULL
476,609,184606,하임 프렌치 엔틱 콘솔 현관 미니 3Colors 블루그레이 딥그린 바이올렛 보라,278000,5152686229,False,29,5.0,1.0,False,,착불배송,1.0,NULL,그레이,NULL,북유럽,NULL,NULL
477,613,184606,"[홈퍼니] 미니 좌식 사각 화장대, 워시핑크",20900,14203870,False,0,4.0,13.0,False,,0,2.0,W295 x D240 x H235 (mm),핑크,합성목재,NULL,스툴 없음,거울 있음
478,614,184606,"이지포유 쥬디스 서랍형 화장대, 크림화이트",89800,10376617,False,19,4.5,312.0,False,이지포유,착불배송,31.0,one size,화이트,합성목재,NULL,NULL,거울 있음
479,615,184606,"파로마 소피 LED 매립형 USB 수납 서랍 화장대(착불), 화이트(착불입니다)",115900,1857131303,False,0,3.0,5.0,False,,0,5.0,NULL,화이트,NULL,모던/심플,NULL,NULL
480,617,184606,"북유럽 10대 20대 여자아이 청소년 화장대 거울 의자 포함, 80cm 화장대 + LED 거울 + 의자 A",204240,1684487769,False,30,4.5,13.0,False,,0,13.0,NULL,골드,NULL,북유럽,스툴있음,NULL
481,618,184606,"동서가구 좌식화장대 800 x 400 x 940 mm DF631841, 화이트",50900,618055,False,0,4.0,183.0,False,동서가구,착불배송,19.0,800 x 400 x 940 mm,NULL,PB + MDF,NULL,NULL,거울 있음
482,619,184606,"마리메종 MZ22A1A516, 마리메종 거치형 수납거울 화장대거울",39000,279966106,False,38,5.0,6.0,False,,착불배송,2.0,NULL,NULL,NULL,NULL,NULL,NULL
483,620,184606,"숨결 [숨결] 유씨엠 코코미니 화장대A, 오크핑크",69000,1353131532,False,0,4.5,3.0,False,,0,3.0,NULL,브라운,NULL,내추럴,NULL,NULL
484,621,184606,"피어젠 봄베이 체스트 엔틱콘솔, 그레이",395000,1321899529,False,0,4.0,13.0,False,,0,11.0,NULL,그레이,NULL,클래식/엔틱,NULL,NULL
485,622,184606,"두닷모노 [두닷모노] 루나 전신거울 수납 화장대 전신거울화장대, 오크",89000,164224122,False,54,4.0,40.0,False,두닷모노,0,13.0,NULL,브라운,NULL,모던/심플,NULL,NULL
486,623,184606,"삼익가구 이프 1200 와이드서랍 화장대(거울포함), 베이비핑크",124900,96594166,False,34,3.5,3.0,False,삼익가구,착불배송,,1200x485x725,NULL,"MDF, PB, PVC, 은경, 스틸손잡이, 철레일",NULL,스툴 없음,거울 있음
487,624,184606,"zips 시노페 좌식 화장대, 07_시노페 800 좌식 화장대 네이비is",56900,247608213,False,0,4.0,15.0,False,,착불배송,7.0,NULL,NULL,NULL,NULL,스툴 없음,거울 있음
488,625,184606,"마타하리 콘솔, 우드 + 크림화이트",184200,4742461281,True,0,5.0,2.0,False,,0,2.0,NULL,NULL,NULL,NULL,NULL,NULL
489,626,184606,"[삼익가구]헤딘 멀티수납형 화장대 세트(스툴포함), 화이트",154900,1797843776,False,22,5.0,2.0,False,삼익가구,착불배송,2.0,NULL,NULL,NULL,모던/심플,스툴 있음,NULL
490,628,184606,"충전식화장거울 키티거울 키티화장거울 LED거울, 핑크",15900,2014812404,False,0,5.0,3.0,False,,"2,500",3.0,NULL,NULL,NULL,NULL,NULL,NULL
491,629,184606,퍼피노 로만 팔각 골드 전신거울 600x1800 ps717,83000,1449245455,False,46,5.0,1.0,False,퍼피노,0,1.0,NULL,NULL,NULL,NULL,NULL,NULL
492,632,184606,"이지알레가구 테이블 인테리어 거실 현관 복도 콘솔장식장 엔틱콘솔, 100cm",120000,1780570513,False,0,4.5,3.0,False,,0,3.0,NULL,NULL,NULL,NULL,NULL,NULL
493,633,184606,"[삼익가구]나모 멀티수납형 화장대 세트(스툴포함), 오크",164900,4588950203,False,44,5.0,1.0,False,삼익가구,착불배송,1.0,NULL,브라운,NULL,내추럴,스툴 있음,NULL
494,634,184606,"[유캐슬] 유캐슬 마호가니 원목 엔틱 노보 콘솔장(아이보리) 콘솔, 단품",187000,173986584,False,53,4.0,4.0,False,,착불배송,2.0,NULL,NULL,NULL,클래식/엔틱,NULL,NULL
495,636,184606,"샵그집 비슈 입식 서랍 화장대 세트, 화이트",98000,242992675,False,0,4.0,3.0,False,,착불배송,2.0,NULL,NULL,NULL,NULL,NULL,NULL
496,637,184606,"파로마 에르미 수납화장대+LED 4구조명 증정(착불), 1. 오크_화장대만(착불입니다)",159000,37427660,False,0,4.5,6.0,False,,0,3.0,NULL,브라운,NULL,내추럴,스툴없음,NULL
497,638,184606,"엘린 전신거울수납장, 다크그레이",104900,115808276,False,0,4.5,18.0,False,퍼닉에스엠,착불배송,8.0,NULL,그레이,NULL,모던/심플,NULL,NULL
498,639,184606,"파로마 스완 원목다리 수납 화장대 2colors, 오크",92000,228904511,False,7,5.0,1.0,False,파로마,착불배송,1.0,NULL,NULL,NULL,NULL,NULL,NULL
499,640,184606,"리빙스토리 원목 도도 네모 좌식화장대 대형 수납정리함/화장품정리함, 브라운",45000,38160863,False,0,4.5,37.0,False,,0,6.0,W61cm x D24.5cm x H33cm,NULL,원목,NULL,스툴 없음,거울 있음
500,641,184606,퍼니아트 코지 하이그로시 화장대 세트,154800,1338877912,False,0,5.0,4.0,False,퍼니아트,착불배송,3.0,전체: (W)최소800~최대1300X(D)400X(H)1335,NULL,합성목재,모던/심플,스툴 없음,NULL
501,642,184606,"퍼피노 디오르 확장형 콘솔 화장대 거울 제외 js044, 화이트",228000,4328733415,False,46,5.0,1.0,False,퍼피노,0,1.0,NULL,NULL,NULL,NULL,NULL,NULL
502,643,184606,"파스텔톤 소형 엔틱 입식미니화장대 원목 좌식 스툴, 60cm 따뜻한 흰색",41400,4634426285,False,0,,,False,,"25,000",,NULL,NULL,NULL,NULL,NULL,NULL
503,644,184606,"Huachen 블링블링 LED 연예인조명 화장대 핑크 엠보 의자증정 일반화장대, 80x40x73.5cm (LED거울포함) + 하트체어",160690,1849567242,False,0,3.0,3.0,False,,"30,000",3.0,NULL,NULL,NULL,로맨틱,스툴 있음,NULL
504,645,184606,"퍼니트랜드 엔틱가구 로라 럭셔리 샤인 화장대+스툴, 단품",377000,46854179,False,0,4.5,10.0,False,퍼니트랜드,0,4.0,NULL,다크브라운,NULL,클래식/엔틱,스툴 있음,NULL
505,646,184606,"파란들 미스틱 LPM 800 슬라이딩 거울수납장 ch, 화이트",49000,62739137,False,0,4.0,16.0,False,파란들,착불배송,3.0,NULL,화이트,NULL,모던/심플,NULL,NULL
506,652,184606,"리얼비 벨벳 소형 화장대 세트 공간활용 미니 화장대 중학생 고등학생 대학생 여학생 자녀 딸 선물, 짙은녹색벨벳40cmLED거울+ 테이블 + 스툴",189000,2282364524,False,0,4.5,3.0,False,,착불배송,3.0,NULL,NULL,NULL,북유럽,스툴 있음,NULL
507,653,184606,"에반앤엘프 베르사체콘솔, clear",650000,2820042,False,0,5.0,3.0,False,,0,1.0,NULL,NULL,NULL,클래식/엔틱,NULL,NULL
508,654,184606,"제이프라이즈 2단 철제 메탈 스틸 부부의세계 선반 예쁜 감성 콘솔 벽선반 틈새 현관 거실 복도 카페 슬림 인테리어 미니 테이블, 1개, 화이트",94900,2151024239,False,40,,,False,,0,,NULL,NULL,NULL,NULL,NULL,NULL
509,656,184606,"[파로마] 일레네 수납거울 3단 화장대600, 화이트",135800,317440167,False,20,4.5,6.0,False,파로마,착불배송,4.0,NULL,화이트,NULL,모던/심플,NULL,NULL
510,657,184606,"샵그집 센트 400 전신거울 화장대, 멀바우",89000,241390855,False,0,3.5,10.0,False,,착불배송,9.0,NULL,브라운,NULL,내추럴,NULL,NULL
511,658,184606,"일룸 [일룸] 미엘 컴팩트 화장대 (거울 포함) 일반화장대, FIVGYM(거울포함)",331000,237037033,False,0,5.0,4.0,False,일룸,0,4.0,NULL,NULL,NULL,NULL,NULL,NULL
512,660,184606,"동서가구 데이지 소나무원목 콘솔 테이블 1200, 화이트",78000,184855938,False,28,4.5,2.0,False,동서가구,0,2.0,NULL,NULL,NULL,NULL,NULL,NULL
513,661,184606,"블루밍홈 레온 좌식 화장대 400 PB 거울 서랍 세트, 오크",35900,5080319003,False,10,1.0,1.0,False,블루밍홈,"3,000",1.0,NULL,NULL,NULL,NULL,스툴없음,NULL
514,663,184606,"보루네오하우스 프라임 하루 아카시아 화장대세트 FO6410 착불, 네이비＋아카시아",249000,169185741,False,40,4.0,18.0,False,보루네오하우스,착불배송,8.0,NULL,멀티(혼합)컬러,원목,NULL,스툴 없음,거울 있음
515,666,184606,"데코라인 시크 전신거울 좌식 화장대 서랍형 수납장 400 오크, 내추럴오크",77900,5269280392,False,62,5.0,5.0,False,데코라인,착불배송,5.0,400*390*1720,브라운,합성목재,NULL,스툴 없음,NULL
516,668,184606,리코베로 라가초 소나무원목 다용도 콘솔테이블 1100,79900,162483848,False,20,5.0,1.0,False,,0,,1100x290x750mm,NULL,원목,NULL,스툴 없음,거울 없음
517,669,184606,"그로잉퍼니쳐 로티 소나무원목 콘솔테이블 1200, 화이트",63900,2092152174,False,28,2.5,4.0,False,,0,4.0,NULL,NULL,NULL,NULL,NULL,NULL
518,671,184606,"삼익가구 [삼익가구]헤딘 LED조명 화장대 세트(스툴포함) 일반화장대, 화이트",204900,203499905,False,49,4.0,10.0,False,삼익가구,착불배송,4.0,NULL,NULL,NULL,모던/심플,스툴 있음,NULL
519,673,184606,"퍼니아트(OEM) 젠다 화장대세트 일반화장대, 블랙화이트",157800,62545449,False,0,4.0,117.0,False,,착불배송,14.0,(가로)80~135cmX(세로)40cmX(높이)134cm,NULL,합성목재,NULL,스툴 없음,거울 있음
520,674,184606,피어젠 무지 엔틱콘솔 코발트블루,377000,1361308335,False,0,4.5,2.0,False,,0,1.0,NULL,블루,NULL,모던/심플,NULL,NULL
521,675,184606,"써니 시즌3 투서랍 좌식화장대, 화이트",133260,2259935314,False,0,5.0,1.0,False,,0,1.0,NULL,NULL,NULL,NULL,스툴없음,NULL
522,676,184606,"동서가구 클로네 와이드체스트 화장대세트 DF906623, 화이트＋오크",129900,24975871,False,37,4.5,31.0,False,동서가구,착불배송,2.0,NULL,NULL,NULL,내추럴,NULL,NULL
523,678,184606,"북유럽 화장대 LED거울 원목화장대 원룸화장대 메이크업, 9006 노란 배나무 LED 램프 60 cm [싱글 테이블] + 조립식",58100,1744492257,False,36,1.5,2.0,False,,"30,000",2.0,NULL,브라운,NULL,내추럴,NULL,NULL
524,679,184606,"[더리체] 수입가구 조이 스카이 엔틱 콘솔수납장, 상세 설명 참조",270910,255583915,False,20,4.5,3.0,False,더리체,0,2.0,NULL,NULL,NULL,클래식/엔틱,NULL,NULL
525,680,184606,"몬스빌리지 SEOUL 원목 콘솔 테이블 화장대 3COLOR 1000, 화이트",66000,294443596,False,5,5.0,1.0,False,,0,1.0,NULL,화이트,NULL,NULL,스툴 없음,거울 없음
526,681,184606,"리코베로 티아모 소나무원목 서랍형 콘솔 테이블 800, 브라운",109900,44334528,False,45,4.0,3.0,False,,"10,000",1.0,800 x 300 x 750 mm,NULL,원목,NULL,스툴 없음,거울 없음
527,682,184606,"zips 이오 600 입식 화장대, 01_이오 600 입식 화장대is 네이비",47000,177533095,False,1,4.5,8.0,False,,착불배송,3.0,NULL,네이비,NULL,모던/심플,스툴 없음,NULL
528,683,184606,"한샘 리즈 수납형 일반화장대 (색상 2종 택1), B형_메이플(B)",273900,29879846,False,10,,,False,한샘,0,,NULL,NULL,NULL,NULL,NULL,NULL
529,684,184606,"[노띵크]이지심플 100 콘솔/화장대/이케아st, 화이트",28800,2201580728,False,0,3.0,1.0,False,,"4,000",1.0,NULL,NULL,NULL,NULL,NULL,NULL
530,687,184606,"셀레스타 프리티A 덮개식 거울 좌식 화장대, 화이트핑크_AAG16A",43900,5116912474,False,39,4.5,39.0,False,,0,16.0,600 X 250 X 410 mm,NULL,합성목재,NULL,스툴 없음,거울 있음
531,689,184606,"리앳홈 라보떼 다용도 원목 서랍형 콘솔 테이블 800 2컬러, 화이트",114000,1853266910,False,24,3.5,2.0,False,,0,2.0,NULL,화이트,NULL,모던/심플,NULL,NULL
532,690,184606,"아트박스/히트디자인 써니 시즌3 투서랍 좌식화장대+600 보조장 세트, 화이트",137500,238315931,False,0,5.0,1.0,False,,착불배송,1.0,NULL,화이트,NULL,모던/심플,스툴없음,NULL
533,691,184606,"라자가구 위드 미카 원목 확장형 수납 화장대 gr024, 네이비",239000,174707892,False,36,5.0,4.0,False,라자가구,착불배송,4.0,NULL,네이비,원목,내추럴,NULL,거울 있음
534,692,184606,"L22BOM 엔틱 반원형 콘솔 3컬러 현관콘솔 복도콘솔 현관테이블 복도테이블 앤틱콘솔 엔틱콘솔 인테리어콘솔, 화이트S",130000,281555558,False,0,5.0,2.0,False,,0,1.0,NULL,NULL,NULL,NULL,NULL,NULL
535,693,184606,"[K쇼핑]파로마 캣슬립 스툴 화장대의자, 그레이",30310,5241284646,False,4,4.0,1.0,False,파로마,0,1.0,NULL,NULL,NULL,NULL,스툴있음,NULL
536,694,184606,"[어썸] 타이디 원목 좌식 화장대_400, 겨자",43800,7182282,False,33,1.0,1.0,False,,0,1.0,NULL,옐로우,원목,NULL,스툴 없음,거울 있음
537,695,184606,"[파로마]모네 원목다리 화장대 세트_의자포함 (와이드거울), 01_크림",109000,228843055,False,8,3.5,8.0,False,파로마,착불배송,4.0,NULL,NULL,NULL,NULL,스툴있음,NULL
538,696,184606,"플러스 삼각 코너선반 슬림콘솔 철제콘솔 콘솔테이블 거실콘솔 콘솔화장대 미니콘솔 철제선반, 기본선택, 02.삼각-2단-화이트NST055W-2",72630,4883475988,False,0,,,False,,0,,NULL,NULL,NULL,NULL,NULL,NULL
539,699,184606,퍼니아트 수엘라 원목화장대 세트,219800,81296803,False,0,5.0,4.0,False,퍼니아트,착불배송,,80X40X148cm,NULL,원목,NULL,스툴 없음,거울 있음
540,700,184606,[유캐슬] 마호가니 엔틱 원목 잡지꽂이(대) 책장/책꽂이>>잡지꽂이,103000,1176577615,False,0,4.5,2.0,False,유캐슬,착불배송,1.0,NULL,NULL,NULL,NULL,NULL,NULL
541,704,184606,"트루베퍼니처 로즈 LED 조명 와이드 수납 화장대, 오크",185000,1075034512,False,0,4.0,8.0,False,트루베퍼니처,착불배송,7.0,NULL,브라운,NULL,내추럴,NULL,NULL
542,705,184606,"철제다리 타원형 대리석 콘솔 현관콘솔 복도콘솔 슬림콘솔, 주문제작",173500,2304840410,False,21,5.0,1.0,False,,"50,000",1.0,NULL,NULL,NULL,NULL,NULL,NULL
543,706,184606,"[두닷모노] 레이 좌식 수납화장대_LO, 라이트오크",64000,164223387,False,20,5.0,1.0,False,두닷모노,착불배송,1.0,NULL,NULL,NULL,NULL,NULL,NULL
544,708,184606,"플레인홈 페더 수납 화장대 600, 멀바우",30100,1721501326,False,0,,,False,,착불배송,,NULL,NULL,NULL,NULL,NULL,NULL
545,710,184606,"로세 스틸 수납 화장대 500 거울 + 의자 포함, 네이비",118900,5301758971,False,0,,,False,,착불배송,,NULL,NULL,NULL,NULL,스툴있음,NULL
546,713,184606,"[두닷모노] 루나 LED 조명 전신거울 수납 화장대_아이보리, 아이보리 LED 조명 화장대",103000,1516123535,False,55,5.0,1.0,False,두닷모노,0,1.0,NULL,화이트,NULL,모던/심플,NULL,NULL
547,716,184606,"리바트 모뜨 수납화장대 서랍형, 화이트",171100,289696494,False,33,5.0,4.0,False,리바트,0,4.0,NULL,화이트,NULL,NULL,NULL,NULL
548,720,184606,"JWK 스캇시리즈 SCOTT 스캇15 콘솔 화장대 테이블, 무광검정",119800,312987197,False,39,4.5,3.0,False,JWK,0,,NULL,NULL,NULL,NULL,NULL,NULL
549,721,184606,"가구앤하우스 800 고무나무 원목 미니화장대 원목화장대 수납화장대 콘솔화장대 화장대세트(경포함), 루씨 원목 화장대 (월넛)",269000,5256516971,False,51,5.0,1.0,False,,착불배송,1.0,NULL,브라운,NULL,북유럽,NULL,NULL
550,722,184606,"어반30 미니 화장대 화장품 정리함 레드우드 테이블 정리화장품 수납함 서랍에 거울, 대사발순흑수정",27400,1464651272,False,0,,,False,,0,,NULL,NULL,NULL,NULL,NULL,NULL
551,724,184606,"퍼니트랜드 엔틱가구 블러젠 6서랍 콘솔, 단품",290000,98083298,False,0,4.5,6.0,False,퍼니트랜드,0,3.0,NULL,NULL,NULL,클래식/엔틱,NULL,NULL
552,725,184606,"북유럽 골드 벨벳 대리석 무늬화장대 LED거울 의자 세트, HJ메그린100테이블+캐비닛+스마트미러+꽃잎의자",325600,5314488420,False,85,,,False,,0,,NULL,NULL,NULL,NULL,NULL,NULL
553,726,184606,"진영가구 베로니 모던 화장대+스툴 세트-A타입, 화이트",231000,1518659889,False,0,,,False,진영가구,"20,000",,NULL,NULL,NULL,NULL,NULL,NULL
554,728,184606,두닷모노 어반글로시 서랍장 세트(830 5단_1200 3단_거울),257000,13569003,False,32,5.0,2.0,False,두닷모노,착불배송,,NULL,NULL,NULL,NULL,NULL,NULL
555,729,184606,"원목 향수 정리함 정리대 수납장 우드 빈티지 커피 보관함 화장품 클래식 미니 1단 서랍, 옵션1",26300,5423281186,False,0,,,False,,0,,NULL,NULL,NULL,NULL,NULL,NULL
556,730,184606,"[] [보루네오 하우스] 아르메 퓨어 서랍 화장대 세트(1200 빅와이드 3단+수납거울), 색상:화이트",162900,5318511412,False,52,1.0,1.0,False,,착불배송,1.0,NULL,NULL,NULL,NULL,NULL,NULL
557,732,184606,"단단한 목재 중국식 인테리어가구 현관 콘솔 테이블, 옵션03, 01.어셈블리",64500,5418532713,False,0,,,False,,"35,000",,NULL,NULL,NULL,NULL,NULL,NULL
558,734,184606,"골드 소 육각 거울 스티커 붙이는거울 아크릴 소재 아크릴거울 인테리어 벽거울 다이소벽거울 이케아벽거울 WZ17013A + 13541354EA, 실버",3120,5343104148,False,0,,,False,,"3,000",,NULL,NULL,NULL,NULL,NULL,NULL
559,735,184606,"디바 골드스틸 화장대 세트 (팔각거울), 화이트",277320,5280447660,False,12,,,False,에넥스,0,,NULL,NULL,NULL,NULL,NULL,NULL
560,736,184606,"콘솔화장대 의자 엔틱 미니 파우더룸 원목 이케아 좌식 전신 북유럽 추천 LED 서랍, 전체 의상, 80cm 회색 테이블 거울 원형 사각 캐비닛 【",540400,5503680715,False,10,,,False,,0,,NULL,NULL,NULL,NULL,스툴있음,NULL
561,737,184606,반달 프렌치 엔틱 콘솔 올리브그린 상판 화이트,262000,5185021306,False,0,,,False,,0,,NULL,NULL,NULL,NULL,NULL,NULL
562,738,184606,"엠하우스 유니코 뷰티박스 미니화장대, 핑크",29800,9046031,False,62,5.0,1.0,False,엠하우스,착불배송,,W350 x D250 x H150 (mm),NULL,"마호가니목, 민디원목, MDF, NC도장",NULL,스툴 없음,거울 있음
563,739,184606,"공주 핑크화장대 좌식 어린이 공주화장대 슬림 미니 보석함, 핑크 DIY",92900,2201346678,False,4,,,False,,0,,NULL,핑크,NULL,키즈/캐릭터,NULL,NULL
564,740,184606,"[삼익가구]룸 LED조명 화장대 세트(스툴포함), 오크",199900,5306590297,False,48,,,False,삼익가구,착불배송,,NULL,NULL,NULL,NULL,스툴있음,NULL
565,741,184606,"[K쇼핑]모노 패브릭 수납형 스툴, 그린/그린",46460,5056617153,False,4,,,False,에넥스,0,,NULL,NULL,NULL,NULL,NULL,NULL
566,742,184606,"콘솔 벽에기대는 수납대 길죽한 좁은테이블 작은사무실 심플 야외 접이식탁자 가정용 타입학생 공부책상 책상, T01-80직사각형 30넓이 75높이 블랙브라운",23800,4811428422,False,54,,,False,,"7,000",,NULL,NULL,NULL,NULL,NULL,NULL
567,743,184606,"마켓비 POLABO 콘솔테이블 12050 TBM77120, 캄포어베니어",202350,1930040221,False,5,4.0,1.0,False,마켓비,0,1.0,NULL,NULL,NULL,NULL,NULL,NULL
568,744,184606,"풀하우스 라헬 익스텐션 화장대세트 서랍 수납 입식 화장대 정리함 거울 의자세트, 02.화이트, 01.선택안함",81900,5315588050,False,48,5.0,6.0,False,,착불배송,6.0,NULL,NULL,NULL,NULL,NULL,NULL
569,745,184606,"퍼스웰 미르 상판접이식 화장대+의자세트BS_002, 내츄럴",112530,1719170688,False,7,,,False,,0,,NULL,NULL,NULL,NULL,스툴있음,NULL
570,746,184606,"비앙스 터쿼이즈 틈새 입식화장대_수납거울, 라이트오크",108000,168763603,False,22,3.5,4.0,False,비앙스,착불배송,3.0,NULL,브라운,NULL,모던/심플,NULL,NULL
571,747,184606,"[홈퍼니] 큐티 미니 사각 서랍 화장대, 아카시아",19900,72441731,False,0,1.5,2.0,False,,0,,NULL,브라운,합성목재,NULL,스툴 없음,거울 있음
572,748,184606,"장인가구 아이브 하스 1200 와이드 서랍장 확장형 화장대, 오크아이보리",319000,164228347,False,25,3.0,1.0,False,,0,,NULL,NULL,NULL,NULL,NULL,NULL
573,749,184606,필웰테미스화장대거울상부수납장800,86800,331223310,False,0,,,False,,0,,NULL,NULL,NULL,NULL,NULL,NULL
574,750,184606,"다니엘우드 테네로 콘솔 1000x300 아카시아 원목 다용도 테이블 사이드 선반 책상, 콘솔테이블 1000x300(아카시아상판)",57000,46849177,False,29,5.0,1.0,False,다니엘우드,착불배송,,NULL,NULL,NULL,NULL,NULL,NULL
575,751,184606,"잉카 로시 소나무 원목 콘솔 테이블 1100 4컬러, 화이트",95000,146800792,False,13,4.5,2.0,False,,0,,900x330x750 mm,NULL,원목,NULL,스툴 없음,거울 없음
576,753,184606,"그로잉퍼니쳐 베르나 선반형 콘솔 원목테이블 3color (1200), 베르나1200-블랙",77900,345124331,False,42,4.0,4.0,False,,0,4.0,1200x290x750,NULL,원목,모던/심플,스툴 없음,NULL
577,755,184606,"동서가구/착불 시크릿 600 수납 화장대 DF917130, 화이트",65900,1523484995,False,37,,,False,동서가구,착불배송,,NULL,NULL,NULL,NULL,NULL,NULL
578,756,184606,"엔틱 원목 미니 화장대 화장품 정리함, 베이지",28500,2107737875,False,42,,,False,,"10,000",,NULL,NULL,NULL,NULL,NULL,NULL
579,758,184606,"아트박스/히트디자인 써니 시즌3 서랍 좌식화장대, 메이플화이트",78480,182421466,False,0,5.0,1.0,False,,착불배송,,NULL,NULL,NULL,NULL,스툴없음,NULL
580,759,184606,"사사가구 트리버 1인용 서랍수납 원목 거울화장대 스툴포함 일반화장대, 내추럴오크",115000,1472866331,False,47,5.0,1.0,False,사사가구,0,1.0,NULL,NULL,NULL,NULL,스툴있음,NULL
581,760,184606,"[유캐슬] 라미르 마호가니 원목 엔틱 콘솔장 (오렌지), 단품",197000,5242986557,False,0,,,False,유캐슬,0,,NULL,NULL,NULL,NULL,NULL,NULL
582,761,184606,WDDB_ 인파우치 원형 메이크업 면분첩(대) 10cm 화장,1840,1143908337,False,23,5.0,1.0,False,,"2,500",,NULL,NULL,NULL,NULL,NULL,NULL
583,762,184606,"파란들 로이스 600 수납거울 화장대 일반화장대, 화이트",129000,246302618,False,0,,,False,파란들,착불배송,,NULL,NULL,NULL,NULL,NULL,NULL
584,763,184606,"북유럽 대리석 슬림 콘솔 거실 현관 콘솔장, A타입120*40*80화이트",429900,4799417504,False,0,,,False,,0,,NULL,NULL,NULL,NULL,NULL,NULL
585,764,184606,"유니크 스틸 600보조장, 아카시아",71900,120130081,False,0,,,False,퍼닉에스엠,착불배송,,NULL,브라운,NULL,내추럴,NULL,NULL
586,765,184606,"퍼니트랜드 엔틱가구 캘빈 3D콘솔(소), 단품",230000,98106092,False,0,5.0,1.0,False,퍼니트랜드,0,,NULL,NULL,NULL,클래식/엔틱,NULL,NULL
587,766,184606,"유럽풍 인테리어 가구 화이트 엔틱 거실 현관 거실 복도 콘솔 테이블 앤틱 우드 철제 탁자, 블랙프레임&갈색상판",135500,2255231564,False,20,,,False,,0,,NULL,NULL,NULL,NULL,NULL,NULL
588,767,184606,"디앤 화장대 세트(의자포함), 화이트",150090,318132828,False,0,5.0,3.0,False,,착불배송,1.0,NULL,NULL,NULL,NULL,스툴있음,NULL
589,768,184606,"[홈퍼니] 큐티 좌식 화장대 다리형, 아카시아",49900,1093053311,False,0,4.0,5.0,False,,0,3.0,NULL,NULL,NULL,NULL,스툴 없음,거울 있음
590,769,184606,"로뎀나무 슬림 라운드형 철제 콘솔 수납 선반 테이블, 블랙",123000,4842627690,False,0,,,False,로뎀나무,0,,NULL,NULL,NULL,NULL,NULL,NULL
591,770,184606,"공주화장대 대리석 상판 벨벳 화장대풀세트 테이블+서랍장+거울+의자 풀구성, 커버 80 파우더 + 미러 + 캐비닛+ 나비 의자",287000,2371497930,False,36,5.0,3.0,False,,0,3.0,NULL,NULL,NULL,NULL,스툴있음,NULL
592,771,184606,"퍼피노 코코 수납거울 화장대 pn124, 내츄럴 원목",133000,5032665074,False,33,,,False,퍼피노,0,,NULL,NULL,NULL,NULL,NULL,NULL
593,772,184606,"제우스가구 직배 심플 ㄱ자 입식 화장대, 화이트",17800,47082282,False,0,4.5,4.0,False,,착불배송,2.0,NULL,화이트,합성목재,NULL,NULL,NULL
594,773,184606,"소피드메종 시즌2 페페 좌식1200 수납겸용 화장대 PE22R, 멀바우",68870,1578379924,False,3,,,False,텐스페이스,착불배송,,NULL,NULL,NULL,NULL,NULL,NULL
595,775,184606,더리체 안티 접시장 콘솔 부페장,394460,5095756740,False,6,,,False,,0,,NULL,NULL,NULL,NULL,NULL,NULL
596,776,184606,"[삼익가구]이프란 멀티수납형 3단서랍 화장대 세트(스툴포함), 오크",134900,2104334328,False,47,,,False,삼익가구,착불배송,,NULL,브라운,NULL,내추럴,스툴 있음,NULL
597,777,184606,"노르딕 대리석 철제 골드 콘솔 4종 거실 현관 복도 인테리어 화장대, B타입 대리석(100x30x80cm 라이트골드)",209800,5381252670,False,17,,,False,,0,,NULL,NULL,NULL,NULL,NULL,NULL
598,778,184606,"리빙스토리 도도 좌식화장대 대형, 브라운",45000,3783645,False,0,4.5,54.0,False,,0,,24.5 x 61 x 33cm,NULL,원목,NULL,스툴 없음,거울 있음
599,779,184606,"동서가구 네오 고무나무원목 화장대 세트 NEO023, 단품",208400,1182152909,False,9,2.5,3.0,False,동서가구,착불배송,2.0,NULL,NULL,NULL,NULL,NULL,NULL
600,780,184606,"썬퍼니처 마이아 화장대 수납장 (의자 포함), 마이아 화장대 수납장 + 스툴 화이트_220035B",99000,107500290,False,23,4.5,4.0,False,썬퍼니처,착불배송,1.0,600X400X710,화이트,합성목재,NULL,NULL,거울 있음
601,782,184606,"북유럽 화장대 체어 의자 스툴 세트 주니어 미니 2 3 단 수납 키즈 책상 여아 학생, E",193000,5329729671,False,0,,,False,,0,,NULL,NULL,NULL,NULL,스툴있음,NULL
602,784,184606,"그로잉퍼니쳐 루시 소나무원목 콘솔테이블 1100, 원색",74900,2092897564,False,31,3.0,1.0,False,,0,1.0,NULL,NULL,NULL,NULL,NULL,NULL
603,785,184606,[파로마]아가페 원목다리 화장대 세트(의자포함),119000,182431904,False,25,,,False,파로마,착불배송,,NULL,NULL,NULL,NULL,스툴있음,NULL
604,786,184606,동서가구 세이 원목 드레스룸 600 화장대 서랍형,185070,5103181222,False,7,,,False,동서가구,0,,NULL,NULL,NULL,NULL,NULL,NULL
605,787,184606,"북유럽 화장대 침실 모던 심플 메쉬 ins 스타일 화장대 수납장 일체형 유럽풍 소품 g29611, 클래식 웜화이트 50cm(벤치 제외)",37000,5340796787,False,29,,,False,,"20,000",,NULL,NULL,NULL,NULL,NULL,NULL
606,788,184606,"노하우(Know House) 데일리 1424 화장대세트, 화이트",109000,185230175,False,0,4.0,7.0,False,,착불배송,,NULL,NULL,NULL,NULL,NULL,NULL
607,790,184606,"[파로마]헤르밍 700 기본형 화장대 PD, 화이트",139000,1970102158,False,0,,,False,파로마,착불배송,,NULL,NULL,NULL,NULL,NULL,NULL
608,792,184606,"좁은공간화장대 연예인 주니어 콘솔형 안방 조립식 화장대겸책상 맞춤, 디엘 심플 원룸 수납 전신거울 화장대_화이트",112800,4506094422,False,0,4.0,1.0,False,,0,1.0,NULL,NULL,NULL,NULL,NULL,NULL
609,793,184606,"블리스데코 플론 수납 화장대 (거울포함) GNF005_C, 화이트",99000,293359905,False,43,,,False,,착불배송,,NULL,NULL,NULL,모던/심플,NULL,NULL
610,795,184606,"블랙프레임 좁은 콘솔 이케아 현관 선반 복도 테이블, 블랙120x15x75",96900,1665427600,False,2,,,False,,0,,NULL,NULL,NULL,NULL,NULL,NULL
611,796,184606,"공주화장대3 이케아 연예인 LED 키즈 작은 수납 초등학생 원목 입식미니 선반 원룸 여아, 921 라이트 드라이브",148700,4946610168,False,88,,,False,,0,,NULL,NULL,NULL,NULL,NULL,NULL
612,797,184606,"듀아 수납 화장대 세트 800, 화이트",78590,1886701468,False,6,5.0,1.0,False,,0,1.0,NULL,NULL,NULL,NULL,NULL,NULL
613,798,184606,가구대장 마이어 1단 콘솔L 크림화이트 엔틱가구 콘솔,406000,210515625,False,0,,,False,가구대장,0,,1100,NULL,원목,NULL,스툴 없음,거울 없음
614,799,184606,모든공방 원목 뷰티 미니화장대 화장품정리함 거울형,41900,4942243605,False,0,,,False,,0,,NULL,NULL,NULL,NULL,NULL,NULL
615,800,184606,"호비마켓 남자 여자아이 어린이 중학생 초등 주니어 좌식 안방 전신 대형 거울 화장대 서랍장 수납장 대학생 스탠딩 좁은공간 원룸 학생, 03.오크화이트",124750,4675972867,False,3,5.0,1.0,False,,"25,000",1.0,NULL,NULL,NULL,NULL,NULL,NULL
616,801,184606,"[두닷모노] 루나 LED 조명 전신거울 수납 화장대_오크, 오크 LED 조명 화장대",103000,1516121933,False,55,5.0,1.0,False,두닷모노,0,1.0,NULL,NULL,NULL,NULL,NULL,NULL
617,803,184606,"[스코나베이직]비에노 600 2단 서랍장, 크림화이트",119000,56394764,False,0,2.0,1.0,False,,착불배송,1.0,NULL,NULL,NULL,NULL,NULL,NULL
618,806,184606,"호비마켓 심플 원룸 자취방 전신 대형 거울 세트 수납 선반 입식 안방 남자 화장대, 다크그레이",188170,2062846685,False,5,,,False,,착불배송,,NULL,NULL,NULL,NULL,NULL,NULL
619,807,184606,헤라 원목 좌식 화장대,126490,1999318688,False,9,,,False,,0,,NULL,NULL,NULL,NULL,스툴없음,NULL
620,808,184606,"캐럿 소형화장대 수납형 미니좌식 수납 작은 낮은 화장대, 캐럿 미니 화장대, 화이트",48900,4542548351,False,55,,,False,벨리카가구,"13,000",,NULL,NULL,NULL,모던/심플,스툴 없음,거울 있음
621,809,184606,"바보사랑 소프리 좌식 화장대 500.플레인홈(무료배송), 화이트",51020,5253980176,False,5,,,False,바보사랑,0,,NULL,NULL,NULL,NULL,스툴없음,NULL
622,810,184606,[이즈가구] 504 그레이 콘솔 서랍장 - 엔틱 원목 진열장 장식장 그릇장 수납장 빈티지 침실 거실 가구,429000,1084793623,False,23,,,False,,착불배송,,NULL,NULL,NULL,NULL,NULL,NULL
623,811,184606,"데코라인 라떼 화장대 (단품) 접이식 콘솔 입식 저렴한 원룸 거울 서랍 작은 미니 수납화장대, 오크아이보리",79000,1722223525,False,0,5.0,1.0,False,데코라인,착불배송,1.0,630mm x 400mm x 750mm,NULL,합성목재,내추럴,스툴 없음,NULL
624,812,184606,"동서가구 마리 1200 거실장, 오크화이트",62000,51528177,False,31,4.0,15.0,False,동서가구,착불배송,2.0,NULL,NULL,NULL,NULL,NULL,NULL
625,815,184606,"[바보사랑]채드림 드레스룸 헹거 전신거울(400) KYP-531G, KYP-531G/화이트",141900,198583046,False,24,,,False,바보사랑,0,,NULL,NULL,NULL,NULL,NULL,NULL
626,817,184606,"디모토 브릭 원목 화장대 콘솔 일반화장대, 화이트",99000,104178435,False,0,3.5,16.0,False,,"20,000",9.0,W1000xD300xH750mm,NULL,원목,NULL,스툴 없음,거울 없음
627,818,184606,"[제프파이썬+할인점] @ [jepython][제프파이썬]시리즈 앤틱 장식소품 화장대 인테리어무료배송jff2021, 상세페이지 참조",60480,4832480272,False,4,,,False,,0,,NULL,NULL,NULL,NULL,NULL,NULL
628,819,184606,"데코퍼니쳐 NEW 다비 화장대 C 다리형, 우드",32200,5353293115,True,0,,,False,,0,,600 x 250 x 635 mm,NULL,NULL,NULL,NULL,NULL
629,820,184606,"캐릭터 거울 심플 모던 원목 콘솔 주니어 학생 성인 화장대 화장대겸책상 입식 미니 화장대 의자세트, 80cm 원경 웜 화이트 좌장 의자 배달",128600,5266290422,False,35,,,False,,0,,NULL,NULL,NULL,NULL,스툴있음,NULL
630,823,184606,"[유캐슬] 그랜드 엔틱 원목 화장대세트 1450, 상세 설명 참조",891000,182406855,False,29,5.0,1.0,False,유캐슬,0,,NULL,NULL,NULL,NULL,NULL,NULL
631,824,184606,"[파로마]모네 원목다리 화장대_의자제외 (와이드거울), 03_오크",79000,232938101,False,11,5.0,1.0,False,파로마,착불배송,,NULL,NULL,NULL,NULL,스툴없음,NULL
632,825,184606,"마리메종 엘빈 수납 전신거울 화장대, 메이플",59750,1298259964,False,5,3.0,2.0,False,,착불배송,2.0,NULL,NULL,NULL,NULL,NULL,NULL
633,826,184606,원목 수납선반 콘솔테이블 120,97300,4371988214,False,30,,,False,벤트리,0,,NULL,NULL,NULL,모던/심플,스툴 없음,거울 없음
634,827,184606,"동서가구 레브 800 서랍형 수납화장대, 화이트베이지",143220,5077852917,False,7,,,False,,0,,NULL,NULL,NULL,NULL,NULL,NULL
635,828,184606,"리버퍼니쳐 편백원목 히노끼 데이즈 침대 슈퍼싱글 본넬매트리스, 매트리스선택",469000,57352001,False,0,,,False,,착불배송,,본상품색상및사이즈선택,,NULL,NULL,NULL,NULL
636,830,184606,"그로잉퍼니쳐 루시 소나무원목 콘솔테이블 900, 화이트",63900,2092897870,False,28,5.0,1.0,False,,0,1.0,NULL,NULL,NULL,NULL,NULL,NULL
637,832,184606,"유니코 아이비 서랍 화장대 세트(3단서랍장+수납거울), 화이트",204000,5362578329,False,3,,,False,장인가구,0,,NULL,NULL,NULL,NULL,NULL,NULL
638,834,184606,"나무뜰 데롬 수납거울 수납화장대세트 DLF004C, 오크그레이",157000,2190287086,False,0,,,False,나무뜰,착불배송,,NULL,NULL,NULL,NULL,NULL,NULL
639,835,184606,"북유럽 사각 대리석 화장대 골드프레임 현관 테이블 복도 거실 선반 이케아 콘솔, 40x35x80",156500,1559463192,False,2,5.0,1.0,False,,0,1.0,NULL,골드,NULL,모던/심플,NULL,NULL
640,836,184606,"[천삼백케이] [도도] 톨론 원목 화장대 세트, 아카시아",654900,5452335997,False,0,,,False,,0,,NULL,NULL,NULL,NULL,NULL,NULL
641,837,184606,"네옴가구 벨라 화장대 도어형 900, 화이트",172640,144285734,False,0,5.0,1.0,False,,착불배송,,NULL,화이트,NULL,NULL,NULL,NULL
642,840,184606,"[K쇼핑]파로마 캣슬립 스툴 화장대의자, 올리브",30310,5423737446,False,4,,,False,파로마,0,,NULL,NULL,NULL,NULL,스툴있음,NULL
643,841,184606,"북유럽화장대 이케아 입식미니 거울 연예인 학생 메이블 공주 주니어 원룸가구 원룸공간활용 인테리어 가구 조립식 DIY 예쁜화장대 튼튼한화장대 138, 어셈블리, 60cm 따뜻한 흰색 단일 테이블",79000,5354157193,False,27,,,False,,"7,000",,NULL,NULL,NULL,NULL,NULL,NULL
644,842,184606,모던하우스 아몬드 모던 800 콘솔(메이플),129000,279309902,False,0,,,False,,"1,800",,NULL,NULL,NULL,NULL,NULL,NULL
645,843,184606,"파로마 소피 LED 매립형 USB 수납 서랍 화장대, 화이트",109000,222695677,False,64,3.5,19.0,False,파로마,착불배송,3.0,NULL,NULL,NULL,내추럴,NULL,NULL
646,844,184606,"동서가구 메종 LPM 1200 수납형 화장대스툴포함, 화이트",277140,5098040320,False,7,,,False,동서가구,0,,NULL,NULL,NULL,NULL,스툴있음,NULL
647,845,184606,주방손잡이 링고리 엔틱 손잡이 화장대 서랍문고리 서랍장리폼,6800,5202012671,False,0,1.0,1.0,False,,0,1.0,NULL,NULL,NULL,NULL,NULL,NULL
648,846,184606,"LOHAS_로하스mall_실리콘 립스틱 정리대 립스틱정리대 화장품정리대 실리콘정리대 메이크업소품 다용도정리대 펜슬정리 립스틱꽂이 정리함 화장품보관 메이크업정_LOHAS_로하스마트샵, 옵션품확인_핑크",12990,5404457187,False,19,,,False,,0,,NULL,NULL,NULL,NULL,NULL,NULL
649,847,184606,"위너 100 콘솔 테이블, 화이트",29900,46720586,False,0,5.0,5.0,False,위너,0,,100x40x70cm,NULL,철제,NULL,스툴 없음,거울 없음
650,849,184606,"퍼니트랜드 엔틱가구 세이지 빈티지거울화장대 콘솔, 단품",390000,1541503156,False,0,5.0,1.0,False,퍼니트랜드,0,1.0,NULL,블루,NULL,클래식/엔틱,NULL,NULL
651,850,184606,"벽난로콘솔 움직이는 화로 벽난로 선반 불꽃 콘솔, A",152000,2311087959,False,0,4.5,2.0,False,,0,2.0,NULL,NULL,NULL,NULL,NULL,NULL
652,851,184606,원목도장_유로 오크 화이트 화장대 세트(의자포함)_4도어,212430,5384282214,False,3,,,False,,0,,NULL,NULL,NULL,NULL,스툴있음,NULL
653,852,184606,"[더리체] 수입엔틱 메라토 접이식 유리거울전신경, 상세 설명 참조",277440,182425021,False,18,1.0,1.0,False,더리체,0,1.0,NULL,NULL,NULL,NULL,NULL,NULL
654,854,184606,"[가이온] 티크 1200 화장대, 색상:네이비",217550,179223778,False,70,,,False,가이온,0,,NULL,NULL,NULL,NULL,NULL,NULL
655,855,184606,"동서가구 바름 소나무원목 콘솔 테이블 1200, 블랙",81840,5056941180,False,7,,,False,동서가구,0,,NULL,NULL,NULL,NULL,NULL,NULL
656,857,184606,"북유럽 대리석 화장대세트 벨벳 골드프레임 서랍형 LED조명 거울 리본의자 포함, V + 조립하다",54400,4757013677,False,0,,,False,우기,"60,000",,NULL,NULL,NULL,NULL,스툴있음,NULL
657,858,184606,"매립형 화장대 거울없는 남자 전신거울 입식미니 화장대겸 서랍장 라이트 럭셔리 북유럽 원, 100CM 황금 테이블 침대 옆 탁자 스마트 3",681200,5284830131,False,0,,,False,,0,,NULL,NULL,NULL,NULL,NULL,NULL
658,859,184606,"[엣지퍼니처]트윈와이드화장대, 화이트",176000,2099352,False,0,,,False,엣지퍼니처,착불배송,,NULL,화이트,합성목재,NULL,NULL,NULL
659,860,184606,"자취방 소형가구 미니자식화장대 남성용 DIY 앉은뱅이, 아카시아화이트",100000,1984701923,False,0,,,False,,착불배송,,NULL,NULL,NULL,NULL,NULL,NULL
660,861,184606,"[진영가구] 토린 마호가니 콘솔세트-엔틱-A타입, 상세내용표시",285700,81182096,False,0,,,False,,착불배송,,NULL,NULL,NULL,NULL,NULL,NULL
661,865,184606,"화장대 서랍장 수납장 콘솔 원목 예쁜 미니 LED 제작 미니 책상 의자 심플 큰화장대, 어셈블리, 흑백 0.8m 고화질 거울 물류 셀프 픽업",243800,5295366757,False,25,,,False,,0,,NULL,NULL,NULL,NULL,NULL,NULL
662,866,184606,"[스코나베이직]요르카 1200 수납 화장대세트_거울포함, 오크",253000,199347690,False,0,,,False,,착불배송,,NULL,NULL,NULL,NULL,NULL,NULL
663,867,184606,마루이 마브로 원목 콘솔 화장대+거울 세트_시나몬브라운_착불,360050,4681041574,False,5,,,False,마루이,착불배송,,NULL,NULL,NULL,NULL,NULL,NULL
664,869,184606,"써니 좌식화장대_1200거실장set 좌식화장대 TV거실장 TV다이, 아카시아",92970,1316412871,False,0,3.5,3.0,False,,착불배송,1.0,NULL,브라운,NULL,내추럴,스툴없음,NULL
665,870,184606,"더리체 메라토 콘솔 조립식, 앤틱",171450,156624901,True,0,4.0,27.0,False,더리체,0,5.0,NULL,NULL,NULL,클래식/엔틱,NULL,NULL
666,871,184606,"퍼니트랜드 엔틱가구 루나 캔드 5D 콘솔, 단품",560000,46852295,False,0,5.0,3.0,False,퍼니트랜드,0,3.0,NULL,블루,NULL,클래식/엔틱,NULL,NULL
667,872,184606,"착한가구 아미떼 800 좌식 화장대, 오크화이트",68170,1234020926,False,6,4.0,1.0,False,,0,1.0,NULL,NULL,NULL,NULL,스툴없음,NULL
668,873,184606,"해해동동 비투콘솔(의자포함) 미니화장대, 화이트",99900,30231657,False,50,3.5,3.0,False,해해동동,착불배송,1.0,W450*D400*H1510mm,NULL,합성목재,NULL,스툴 있음,거울 있음
669,875,184606,"현관콘솔 대리석 콘솔 화장대 테이블, 조립 + 블랙+재즈화이트(120x30x75)",226900,5402757733,False,21,,,False,,0,,NULL,NULL,NULL,NULL,NULL,NULL
670,876,184606,"[] [필웰] 착불 DT9865 필웰 무노 대형 전신거울 센스 화장대세트 1600X700, 색상:화이트",84000,2016699394,False,34,,,False,,착불배송,,NULL,NULL,NULL,NULL,NULL,NULL
671,877,184606,"다하미 이동식 600 전신거울 화장대, 단품",129000,128429885,False,0,2.0,1.0,False,,착불배송,,NULL,NULL,NULL,내추럴,NULL,NULL
672,879,184606,엔틱 화장대 블랙 북유럽 바로크 서랍장 원룸 서랍형 안방 화장대세트,130000,5284965035,False,27,,,False,,0,,NULL,NULL,NULL,NULL,NULL,NULL
673,881,184606,"[에띠안] 자르뎅 미니화장대 콘솔 테이블 1200-화이트/브라운 콘솔, 화이트",83000,16969040,False,7,4.5,9.0,False,에띠안,0,,1200 x 300 x 750,화이트,원목,NULL,NULL,NULL
674,882,184606,"침대 틈새 접이식 샤르망 서랍 공주 수납형 좌식미니 테코라인 심플 화장대, M",93900,5454583328,False,30,,,False,,0,,NULL,NULL,NULL,NULL,NULL,NULL
675,886,184606,"리앤갤러리 끌로에콘솔, 그레이",167000,167224671,False,29,4.0,43.0,False,,착불배송,14.0,90*35*79,그레이,원목,클래식/엔틱,스툴 없음,NULL
676,888,184606,"화장대 메이크업 테이블 럭셔리 모던 수납 화장대 세트 60cm, 브라운",94700,5047630982,False,0,1.0,1.0,False,,0,1.0,NULL,NULL,NULL,NULL,NULL,NULL
677,889,184606,"뷰티풀스페이스 대리석 콘솔 CS-05 넓이 1000mm x 폭 250mm x 높이 800mm, 골드프레임 아리스톤",260000,2213058389,True,3,5.0,1.0,False,뷰티풀스페이스,0,1.0,NULL,NULL,NULL,NULL,NULL,NULL
678,891,184606,"아이린 화장대＋의자_, all 크림화이트",139000,149495930,False,22,4.5,14.0,False,밀키웨이,착불배송,,NULL,NULL,NULL,NULL,NULL,NULL
679,892,184606,"[룩홈] 미니 사각 화장대 서랍형, 워시옹이",25900,159441469,False,0,4.0,7.0,False,,0,1.0,W295 x D240 x H315 (mm),워시옹이,"MDF, 인테리어 필름, 칠도장, 실크인쇄, 거울MDF, 인테리어 필름, 칠도장, 실크인쇄",,스툴 없음,
680,894,184606,"바로크 북유럽화장대 엔틱 유럽풍 화장대, 720 하트 (의자포함)",268000,1858575709,False,9,5.0,2.0,False,,0,2.0,NULL,화이트,NULL,북유럽,스툴 있음,NULL
681,895,184606,"유니크가구 전신경 화장대, 화이트",65500,932962,False,0,4.0,249.0,False,,착불배송,4.0,가로 40cm x 높이 170cm,화이트,NULL,NULL,스툴 없음,거울 있음
682,896,184606,"풀하우스 센티넬 원목화장대 수납 서랍 정리함 의자 화장대세트, 01.선택안함",61900,4674979698,False,58,5.0,3.0,False,,착불배송,3.0,NULL,브라운,NULL,내추럴,NULL,NULL
683,897,184606,"플레인홈 마기 좌식 화장대 세트 600, 멀바우",42400,1721469552,False,0,4.5,3.0,False,,착불배송,3.0,NULL,브라운,NULL,내추럴,스툴없음,NULL
684,899,184606,"[천삼백케이] [플레인홈] 소프리 좌식 화장대 세트 800, 화이트",100100,4509697149,False,3,3.0,2.0,False,,0,2.0,NULL,NULL,NULL,NULL,스툴없음,NULL
685,900,184606,"파란들 미스틱 LPM 600 슬라이딩 거울수납장 ch, 오크화이트",39900,62739249,False,0,3.5,6.0,False,파란들,착불배송,3.0,NULL,NULL,NULL,NULL,NULL,NULL
686,903,184606,"삼익가구 [삼익가구]이프란 대형거울 3단서랍 화장대 세트 일반화장대, 화이트",83900,203499033,False,47,4.0,3.0,False,삼익가구,착불배송,2.0,NULL,화이트,NULL,모던/심플,NULL,NULL
687,904,184606,규수방 아리벨라 슬라이딩 확장형 원목화장대,113000,5202824196,False,40,4.5,2.0,False,,착불배송,2.0,NULL,네추럴,NULL,북유럽,스툴 없음,NULL
688,905,184606,"연예인화장대 북유럽 LED 조명 화장대, A타입",199700,1791080032,False,0,3.5,3.0,False,,0,3.0,NULL,화이트,NULL,북유럽,NULL,NULL
689,906,184606,"[리코디자인] 퓨어 600 철제 2단 선반콘솔, 골드",89000,2212753925,False,0,5.0,2.0,False,,0,2.0,너비600×깊이400×높이810mm,옐로우,철제,모던/심플,NULL,NULL
690,909,184606,"플레인홈 마기 수납 화장대 세트 + 의자 800, 멀바우",84700,1721483891,False,0,3.5,4.0,False,,착불배송,4.0,NULL,브라운,NULL,내추럴,스툴 있음,NULL
691,911,184606,"[유캐슬] ★아이몰단독★쁘띠엘 엔틱 콘솔 원목화장대세트, 제품명:쁘띠엘 콘솔화장대세트",222300,1250533571,False,17,5.0,2.0,False,유캐슬,0,1.0,NULL,NULL,NULL,NULL,NULL,NULL
692,912,184606,"벨리카가구 녹스 미니 좌식화장대 800 화장대, 녹스 서랍 좌식 화장대_그레이",60900,1601154240,False,59,,,False,벨리카가구,착불배송,,NULL,NULL,NULL,모던/심플,스툴 없음,거울 있음
693,913,184606,"북유럽 대리석 미니 화장대 수납 거울 서랍장, 미색 벨벳 50cm (세트)",203100,2035860146,False,51,4.0,2.0,False,,"30,000",2.0,NULL,NULL,NULL,NULL,스툴있음,NULL
694,914,184606,풀하우스 센티넬 헤드업 화장대 수납 서랍 정리함 입식 화장대 거울세트,61900,1153049301,False,58,5.0,2.0,False,,착불배송,2.0,NULL,NULL,NULL,NULL,NULL,NULL
695,916,184606,"[홈퍼니] 실속 좌식 화장대, 화이트",29900,5023645363,False,0,3.0,2.0,False,,0,2.0,NULL,화이트,NULL,NULL,NULL,거울 있음
696,917,184606,"포메리트 리브 와이드 사각화장대, 브라운",54030,1167784,True,22,3.5,23.0,False,포메리트,0,1.0,600x240x285 mm,베이지,원목,NULL,NULL,거울 있음
697,918,184606,"퍼니트랜드 엔틱가구 러블리 020 화장대세트, 단품",460000,46854314,False,0,5.0,5.0,False,퍼니트랜드,0,3.0,NULL,브라운,NULL,클래식/엔틱,스툴 있음,NULL
698,919,184606,"가구데코 모닌 거울 수납 화장대 세트 NA0210, 오크화이트",119000,1160379018,False,40,5.0,10.0,False,가구데코,0,6.0,NULL,NULL,NULL,내추럴,스툴 없음,거울 있음
699,920,184606,"쉬몽 미러 플러스B 전신수납 화장대 거울, 화이트",78900,4542812734,False,11,,,False,쉬몽,착불배송,,NULL,NULL,NULL,NULL,NULL,NULL
700,922,184606,"보네르스토리 나비화장대 미니화장대, 네츄럴",30010,3461307,True,14,4.5,25.0,False,,0,3.0,W30*D24.5*33CM,베이지,원목,NULL,NULL,NULL
701,924,184606,"동서가구 네오 양방향 슬라이딩 전신거울 서랍 수납 틈새 화장대 콘솔 NES094, 워시",104400,1200770553,False,12,3.5,6.0,False,동서가구,0,6.0,NULL,NULL,NULL,모던/심플,NULL,NULL
702,925,184606,인디우드 멀티 수납 화장대 블랙 600,119000,1772274789,False,37,4.5,2.0,False,인디우드,0,2.0,W600*D400*H1335(mm),블랙,합성목재,NULL,NULL,NULL
703,926,184606,"제이앤제이 선반형 전신거울 화장대 세트, 화이트(수도권무배)",109300,85505003,False,0,5.0,4.0,False,제이앤제이,0,2.0,NULL,화이트,합성목재,NULL,스툴 있음,거울 있음
704,927,184606,"브렌트 좌식 화장대 세트 800, 화이트",68400,4383526924,False,0,1.0,1.0,False,,착불배송,1.0,NULL,NULL,NULL,NULL,스툴없음,NULL
705,928,184606,"해해동동 마리아전신콘솔 전신거울화장대, 아카시아",122900,9671447,False,50,4.5,2.0,False,해해동동,착불배송,1.0,W400*D400*H1800mm,NULL,PB + MDF,NULL,스툴 없음,거울 있음
706,929,184606,"인디우드 LPM 멀티 수납 화장대 600, 오크",94500,1885277788,False,26,5.0,1.0,False,인디우드,0,1.0,NULL,NULL,NULL,모던/심플,스툴 없음,거울 있음
707,931,184606,"바로크 북유럽화장대 엔틱 유럽풍 화장대, 622 엔틱 (의자포함)",298500,2327336501,False,14,,,False,,0,,NULL,화이트,NULL,클래식/엔틱,스툴 있음,NULL
708,932,184606,"리브온 레프 400 좌식화장대 미니화장대 좌식 원목 화장품 정리함, 화이트",45000,213585818,False,0,5.0,1.0,False,,0,1.0,NULL,NULL,NULL,NULL,NULL,NULL
709,933,184606,"데코라인 리베 슬림화장대, 리베슬림화장대",139000,149652722,False,46,4.0,4.0,False,데코라인,착불배송,1.0,NULL,NULL,NULL,NULL,NULL,NULL
710,935,184606,"[삼익가구]파트라 수납형 화장대(스툴포함), 오크",119900,1975893132,False,45,5.0,1.0,False,삼익가구,착불배송,1.0,NULL,브라운,NULL,내추럴,스툴 있음,NULL
711,936,184606,"주니어 화장대 이케아 초등학생 중학생 키즈 여자아이 미니화장대, 나무색 60cm",115000,4678924296,False,0,5.0,1.0,False,,0,1.0,NULL,NULL,NULL,NULL,스툴있음,NULL
712,937,184606,"퍼니트랜드 엔틱가구 루나 이사벨콘솔, 단품",481390,46852188,False,9,4.5,4.0,False,퍼니트랜드,0,1.0,NULL,옐로우,NULL,클래식/엔틱,NULL,NULL
713,939,184606,"[리샘] 바이엘 와이드거울 화장대, 색상선택:오크",122550,129798000,False,56,5.0,1.0,False,,0,1.0,NULL,NULL,NULL,NULL,NULL,NULL
714,940,184606,"삼익가구 [삼익가구]카로 멀티수납형 화장대 세트 일반화장대, 오크",114900,203504317,False,47,5.0,1.0,False,삼익가구,착불배송,1.0,NULL,NULL,NULL,NULL,NULL,NULL
715,942,184606,"파로마 라라 드레스룸 600 화장대 (콘솔+거울), 오크",99000,2078536945,False,22,5.0,1.0,False,파로마,0,1.0,NULL,브라운,NULL,내추럴,NULL,NULL
716,943,184606,"[두닷] 마리에 1500 슬림 전신거울_하모니오크, 하모니오크",29000,245282817,False,40,4.5,3.0,False,,0,2.0,NULL,NULL,NULL,내추럴,NULL,NULL
717,945,184606,빈티지블랙 화장대 세트,305000,4946616655,True,0,,,False,,0,,NULL,NULL,NULL,NULL,NULL,NULL
718,946,184606,"벨벳화장대 화장대 LED조명 LED화장대 공주풍화장대 고급화장대, 그레이 80 + LED 거울 + 소파형",199500,5066406287,False,0,,,False,,"44,000",,NULL,NULL,NULL,NULL,NULL,NULL
719,949,184606,"데코라인 라떼 원목 서랍 화장대 거울포함, 아이보리",79900,4399792168,False,0,,,False,데코라인,착불배송,,NULL,NULL,NULL,NULL,NULL,NULL
720,950,184606,"규수방 알파카 전신거울 수납 좌식화장대, 화이트, 화이트",89000,5080234823,False,11,5.0,1.0,False,,착불배송,1.0,NULL,화이트,NULL,모던/심플,NULL,NULL
721,951,184606,소티디자인 네이처 우드 원목화장대 화장대세트 화장대풀세트,241000,102579198,False,41,4.0,8.0,False,소티디자인,착불배송,4.0,(W)1150×(D)450×(H)750mm,NULL,원목,NULL,스툴 있음,거울 있음
722,953,184606,"[리샘] 바이엘 화장대, 색상선택:화이트",122550,134156040,False,5,5.0,1.0,False,,0,1.0,NULL,NULL,NULL,NULL,NULL,NULL
723,954,184606,"샵그집 센트틈새 서랍 화장대600, 화이트투톤",98000,130497741,False,0,5.0,2.0,False,,착불배송,2.0,NULL,NULL,NULL,NULL,NULL,NULL
724,956,184606,"주니어화장대 중학생 초등학생 여자아이 테이블겸 화장대, B타입 60cm 따뜻하고 화이트 더블 펌핑",36800,5154817210,False,76,,,False,,"30,000",,NULL,NULL,NULL,NULL,NULL,NULL
725,957,184606,"홈인홈 봄날엔 좌식화장대 800, 오크+화이트",59900,172860916,False,0,5.0,1.0,False,,착불배송,,NULL,브라운,NULL,내추럴,스툴없음,NULL
726,958,184606,"베스트리빙 코펜하겐콘솔, 내츄럴",177870,69694805,True,0,3.5,77.0,False,베스트리빙,0,,NULL,NULL,NULL,내추럴,NULL,NULL
727,959,184606,"벨리카가구 루카스 수납 화장대 확장형 콘솔 거울 세트 1200, 루카스 1200 화장대_그레이",223900,305657151,False,46,,,False,벨리카가구,착불배송,,NULL,NULL,NULL,NULL,스툴 없음,거울 있음
728,960,184606,zips 디오네 미니 화장대 화이트(무료배송),46000,2128790384,False,31,3.0,3.0,False,,0,3.0,NULL,화이트,NULL,모던/심플,NULL,NULL
729,961,184606,"블루밍홈 플로라 화장대, 화이트",69900,38848776,False,0,4.0,177.0,False,블루밍홈,0,17.0,710 x 400 x 750 mm,화이트,합성목재,NULL,NULL,거울 있음
730,962,184606,"[룩홈] 클래식 철제 선반형 화장대, 클래식 철제 선반형 화장대[사각형]-오크",69000,145294073,False,0,4.5,2.0,False,,착불배송,,거 울(사각형) : W400 x H600mm,NULL,스틸 * MDF * 피혁 * 유리,NULL,스툴 있음,거울 있음
731,963,184606,"파란들 로이스 600 콘솔 테이블 일반화장대, 화이트",62900,246293413,False,0,5.0,1.0,False,파란들,착불배송,,NULL,NULL,NULL,NULL,NULL,NULL
732,964,184606,"레이디가구 봄브 모던 전신거울 화장대 세트(서랍형), 소프트그레이",89900,4568810444,False,56,4.5,2.0,False,레이디가구,착불배송,2.0,NULL,그레이,NULL,모던/심플,스툴 있음,NULL
733,965,184606,"삼익가구 [삼익가구]카로 LED조명 화장대 세트 일반화장대, 화이트",164900,203500718,False,51,3.5,12.0,False,삼익가구,착불배송,4.0,NULL,화이트,NULL,모던/심플,NULL,NULL
734,966,184606,"삼익가구 [삼익가구]카로 LED조명 화장대 세트(스툴포함) 일반화장대, 화이트",204900,203500619,False,49,4.0,10.0,False,삼익가구,착불배송,2.0,NULL,화이트,NULL,모던/심플,스툴 있음,NULL
735,967,184606,"소피아 800 화장대(스툴제외), 오크화이트",61900,338568552,False,48,,,False,라자가구,착불배송,,NULL,NULL,NULL,모던/심플,스툴 없음,거울 있음
736,968,184606,"아이디얼리빙 헤라 화이트 원목도장 3도어 화장대 세트(의자포함), 상세 설명 참조",99000,114137022,False,0,4.5,21.0,False,아이디얼리빙,착불배송,14.0,NULL,화이트,"원목,MDF",NULL,스툴 있음,거울 있음
737,969,184606,"모던 심플 LED 거울 화장대 의자포함, 왼쪽 캐비닛 그레이",149100,4760825865,False,63,,,False,,0,,NULL,NULL,NULL,NULL,스툴있음,NULL
738,971,184606,피어젠 로사 콘솔 빈티지화이트,296000,273698842,False,25,5.0,3.0,False,,0,3.0,NULL,화이트,NULL,NULL,스툴 없음,거울 없음
739,972,184606,"제이앤제이 LPM수납600 화장대+의자 세트, 화이트",119000,46709899,False,20,4.0,81.0,False,제이앤제이,착불배송,9.0,(600)(400)(1310)mm,화이트,NULL,NULL,스툴 있음,거울 있음
740,973,184606,"퍼니트랜드 루나 부페장, 블루",570000,46851662,False,0,4.5,11.0,False,퍼니트랜드,0,4.0,1400 x 450 x 780 mm,블루,원목,NULL,NULL,NULL
741,974,184606,모든공방 원목 뷰티 미니화장대 화장품정리함,37900,4942230967,False,0,,,False,,0,,NULL,NULL,NULL,NULL,NULL,NULL
742,975,184606,"도우 틈새 화장대, 그레이",51800,27022358,False,0,3.5,3.0,False,,착불배송,1.0,NULL,NULL,NULL,NULL,NULL,NULL
743,976,184606,"브렌트 좌식 화장대 500, 화이트",32400,4383517628,False,0,5.0,2.0,False,,착불배송,2.0,NULL,NULL,NULL,NULL,스툴없음,NULL
744,977,184606,"마켓비 RUPARI 콘솔테이블 12045, 브라운",234130,1978260699,True,2,,,False,마켓비,0,,NULL,NULL,NULL,NULL,NULL,NULL
745,978,184606,"L22BOM 심플하고 단단한 반원형 콘솔 6타입 현관콘솔 복도콘솔 거실콘솔 안방콘솔 계단콘솔 예쁜콘솔 화이트콘솔, 화이트실버",127000,283364273,False,0,4.5,3.0,False,,0,2.0,NULL,NULL,NULL,클래식/엔틱,NULL,NULL
746,980,184606,"퍼니트랜드 엔틱가구 로라 럭셔리 피나 콘솔(소), 단품",250000,46852277,False,0,4.0,20.0,False,퍼니트랜드,0,1.0,NULL,NULL,NULL,클래식/엔틱,NULL,NULL
747,981,184606,"[한샘몰X심플라이프] 아즈 와이드 화장대 세트, 그레이+화이트거울 (A)",251900,4874885890,False,36,,,False,한샘,0,,NULL,NULL,NULL,NULL,NULL,NULL
748,982,184606,"퍼니트랜드 엔틱가구 루나 반달 레드 콘솔, 단품",340000,46852286,False,0,4.0,1.0,False,퍼니트랜드,0,1.0,NULL,NULL,NULL,NULL,NULL,NULL
749,983,184606,"로로스키니 북유럽 천연 수입 골드 대리석 복도 콘솔 현관 거실 장식장 수납장 화장대 콘솔장 슬림 인테리어 테이블, 골든다리상판블랙/가로100cm",119000,1778167386,False,60,,,False,제우스,"50,000",,NULL,NULL,NULL,NULL,NULL,NULL
750,984,184606,"프리메이드 입식 화장대. 일반화장대, 월넛",39900,35068867,False,0,4.0,72.0,False,프리메이드,0,8.0,W670xD310xH700mm,브라운,NULL,NULL,스툴 없음,거울 있음
751,985,184606,"파로마 먼스 데일리 터치 LED조명 거치형 전신거울 소, 골드",90000,1102569997,False,70,4.0,5.0,False,파로마,착불배송,5.0,NULL,NULL,NULL,NULL,NULL,NULL
752,986,184606,"동서가구 케이치 940화장대 DF630513, 블랙화이트",72000,2016233585,False,4,4.0,1.0,False,동서가구,0,1.0,NULL,블랙,NULL,로맨틱,NULL,NULL
753,988,184606,[방친구] 스텐드 화장대 수도권 무료배송/특가,64800,49873521,False,0,4.5,3.0,False,,착불배송,1.0,NULL,NULL,NULL,NULL,NULL,NULL
754,989,184606,"투투 수납형 화장대+수납의자 세트-lim, A형웬지워시",176800,4543100,False,0,4.0,10.0,False,퍼니아트,착불배송,4.0,(가로)800~1200mmX(세로)390mmX(높이)1460mm,NULL,PB+MDF+거울,NULL,스툴 있음,거울 있음
755,991,184606,동서가구 화이트 EK 화장대 겸용 이동식 수납의자 DF638245,19900,1257726023,False,46,4.5,2.0,False,동서가구,착불배송,1.0,NULL,NULL,NULL,NULL,NULL,NULL
756,993,184606,"제이앤제이 800 수납 LED 조명 화장대 세트, 화이트",149000,184612764,False,21,4.0,11.0,False,제이앤제이,착불배송,4.0,W800*D400*H1335(mm),NULL,합성목재,NULL,스툴 없음,거울 있음
757,995,184606,"엘리사 화장대 의자 3종, 베이직수납스툴",30000,2237664413,False,0,5.0,1.0,False,지니앤퍼니,착불배송,1.0,NULL,NULL,NULL,NULL,스툴있음,NULL
758,996,184606,"대리석 상판 벨벳 화장대풀세트 테이블+서랍장+거울+의자 풀구성, 복장을 갖추다 + N",314200,2371951677,False,21,5.0,1.0,False,,0,1.0,NULL,NULL,NULL,NULL,NULL,NULL
759,998,184606,"이케아 MALM 말름 화장대 120x41 cm, 화이트 403.554.09",89900,256166187,False,30,1.0,1.0,False,이케아,"30,000",1.0,NULL,NULL,NULL,NULL,NULL,NULL
760,1001,184606,"리빙스토리 미니 도도 미니화장대, 미니도도화장대_네추럴",32900,18658326,False,0,4.5,23.0,False,,0,6.0,s,베이지,원목,NULL,NULL,거울 있음
761,1002,184606,클레어 프렌치 엔틱 현관 콘솔 그레이,430000,1685156584,False,0,5.0,2.0,False,,0,2.0,NULL,그레이,NULL,클래식/엔틱,NULL,NULL
762,1005,184606,"삼익가구 아이니 초대형 와이드 전신거울 700(거치대포함), 화이트",60900,166990941,False,67,4.0,6.0,False,삼익가구,착불배송,1.0,700x60x17000,NULL,MDF+PVC,NULL,스툴 없음,거울 있음
763,1006,184606,"지베스 프라하 2단 화장대 세트 일반화장대, 오크",94900,136784480,False,52,3.5,2.0,False,,착불배송,,NULL,NULL,NULL,NULL,NULL,NULL
764,1007,184606,"리브온 레베 610 좌식 화장대+거울 미니 화장대, 그린",56000,264405424,False,0,1.0,1.0,False,,0,1.0,NULL,NULL,NULL,NULL,NULL,NULL
765,1008,184606,"북유럽 모던 심플 인테리어 디자인 LED 화장대, 80테이블+캐비닛+LED미러+꽃잎의자",338600,5111625903,False,44,,,False,,"50,000",,NULL,NULL,NULL,NULL,NULL,NULL
766,1009,184606,"바우미스트 분트 원목 콘솔 800, 단품",89900,214948591,False,0,5.0,2.0,False,,착불배송,2.0,NULL,NULL,NULL,NULL,NULL,NULL
767,1010,184606,"북유럽 심플 모던 화장대 미니화장대 소형화장대 원룸 1인가구 대학생 여대생화장대 감성화장대 의자포함 세트 조립용, 조립 + T40 화이트오크",64000,4714007238,False,0,,,False,,착불배송,,NULL,NULL,NULL,NULL,스툴있음,NULL
768,1012,184606,홈인퍼니처 미스티 삼나무 원목 좌식화장대 소 핑크,28500,77905074,True,0,5.0,1.0,False,,0,1.0,소(268 x 238 x 250 mm),핑크,원목,NULL,NULL,거울 있음
769,1013,184606,"다우드 레이톤 화장대, 블랙",133870,1557328024,True,11,3.0,4.0,False,,0,4.0,NULL,블랙,NULL,모던/심플,NULL,NULL
770,1015,184606,"[에보니아] 벨리아 라탄 1인의자, 사이즈:화이트",53400,292403463,False,2,5.0,6.0,False,에보니아,0,6.0,NULL,NULL,NULL,NULL,NULL,NULL
771,1017,184606,[푸른언덕] 아뜨랑제 참죽원목 화장대세트,319000,123344534,False,0,3.0,4.0,False,,착불배송,,NULL,NULL,NULL,NULL,NULL,NULL
772,1019,184606,"[유씨엠] 코코미니 400 좌식화장대, 색상:오크화이트",34200,1308718009,False,42,,,False,,0,,NULL,화이트,NULL,모던/심플,스툴없음,NULL
773,1023,184606,"일룸 [일룸]메이라이트 컴팩트 화장대 (거울 포함) 일반화장대, IV(거울포함)",210000,237037019,False,0,5.0,3.0,False,일룸,0,2.0,NULL,NULL,NULL,NULL,NULL,NULL
774,1025,184606,"데코라인 니즈 레트로 화장대 L + 스툴 일반화장대, 내추럴오크",135000,205398704,False,49,,,False,데코라인,0,,NULL,브라운,NULL,내추럴,NULL,NULL
775,1027,184606,"TAOYE 북유럽 화장대세트 LED거울 공주 벨벳 원룸화장대 메이크업-Q2754DR, 그린",154000,1602611319,False,0,3.5,5.0,False,,"20,000",5.0,NULL,NULL,NULL,로맨틱,스툴 있음,NULL
776,1028,184606,"블루밍홈 유노 원목화장대, 화장대(화이트)",64900,2145734002,False,40,4.0,8.0,False,블루밍홈,"4,500",8.0,NULL,NULL,NULL,모던/심플,스툴 없음,거울 있음
777,1030,184606,"하이앤드리 리켄 1700 전신거울 키큰 좁은 멀티 수납 전신경 좌식 슬림 틈새 화장대 전신거울화장대, 화이트그레이",76000,4528138490,False,0,,,False,,착불배송,,NULL,화이트,NULL,모던/심플,NULL,거울 있음
778,1031,184606,"Saferoad 좌식 미니화장대 콘솔 서랍 수납화장대 이동식, 옵션 3",20600,1981171222,False,0,4.0,1.0,False,,0,1.0,NULL,NULL,NULL,NULL,NULL,NULL
779,1034,184606,"다니엘우드 콘솔테이블 삼나무 아카시아 원목 화장대 협탁, 브라운",47000,44363076,False,29,4.5,8.0,False,다니엘우드,착불배송,,800×300×720,NULL,원목,내추럴,NULL,NULL
780,1035,184606,"셀레스타 아트 600 입식화장대, 01. 화장대+스툴_화이트_AAG33",42900,1836847356,False,39,3.0,4.0,False,,착불배송,4.0,NULL,화이트,NULL,모던/심플,NULL,NULL
781,1036,184606,"사사가구 트리버 1인용 서랍수납 원목 거울화장대 일반화장대, 내추럴오크",79900,1472504751,False,47,,,False,사사가구,0,,NULL,NULL,NULL,NULL,NULL,NULL
782,1038,184606,"리바트이즈마인 스페이스 스마트 수납형 화장대 일반화장대, 밝은오크",163500,8843535,False,38,4.0,6.0,False,,0,1.0,NULL,화이트,합성목재,NULL,NULL,거울 있음
783,1039,184606,소담 프렌치 엔틱 현관 콘솔 코발트블루,262000,4389488657,False,0,5.0,1.0,False,,0,1.0,NULL,NULL,NULL,NULL,NULL,NULL
784,1042,184606,"[두닷] 마리에 1500 슬림 전신거울_화이트, 화이트",29000,245284187,False,40,4.0,1.0,False,,0,1.0,NULL,NULL,NULL,내추럴,NULL,NULL
785,1043,184606,에넥스 퓨어 슬라이딩 싱글장전신거울/1800,592450,1187638344,False,23,,,False,에넥스,0,,NULL,NULL,NULL,NULL,NULL,NULL
786,1046,184606,"루시아 원목도장 서랍형 화장대 세트, 화이트",139000,1541266,False,0,4.5,11.0,False,아이디얼리빙,착불배송,4.0,700 x 400 x 1330 mm,NULL,원목,NULL,스툴 있음,거울 있음
787,1047,184606,"아이엘컴퍼니 블랙 스틸 선반 행거, one color free",35900,282193361,False,47,4.0,1.0,False,,0,1.0,free,NULL,NULL,NULL,NULL,NULL
788,1049,184606,"코너 화장대 침 간단한 코너 테이블 화장대, 따뜻한 흰색 단층 + 의자",57900,2233732540,False,50,,,False,,0,,NULL,NULL,NULL,NULL,스툴있음,NULL
789,1050,184606,"각시방가구 그레이 쇼콜라 800 3단 서랍 거울화장대 서랍장, 그레이투톤",89400,37879727,False,0,4.0,10.0,False,,착불배송,,NULL,NULL,NULL,NULL,NULL,NULL
790,1051,184606,"잉글랜더 미스틱 7단 와이드 수납 화장대(거울포함), 화이트",219000,1410589915,False,48,5.0,2.0,False,잉글랜더,착불배송,2.0,NULL,화이트,NULL,클래식/엔틱,NULL,NULL
791,1052,184606,"도우 틈새 화장대, 오크",51800,27018719,False,0,5.0,1.0,False,,착불배송,1.0,NULL,NULL,NULL,NULL,NULL,NULL
792,1053,184606,"엔틱 블란 5단 수납서랍장, 단품",266400,98106668,False,0,5.0,2.0,False,더리체,0,1.0,NULL,NULL,NULL,NULL,NULL,NULL
793,1054,184606,"[파격할인] 파인우드 로티 소나무 콘솔테이블1200(의자미포함), 블랙",71900,54612387,False,27,3.0,7.0,False,,0,1.0,NULL,블랙,소나무,NULL,스툴 없음,거울 없음
794,1055,184606,"방친구 블루밍 4자 3단 화장대, 화이트",99800,2571104,False,0,4.0,293.0,False,방친구,착불배송,23.0,"거울 60 x 60 cm, 서랍장 120 x 39.7 x 76.5 cm, 상판 120 x 39.7 x 76.5 cm",NULL,PB + MDF,NULL,스툴 없음,
795,1056,184606,"라자가구 위드 심플 600 화장대 cw082, 대리석화이트",54900,329091458,False,47,4.5,3.0,False,라자가구,착불배송,1.0,NULL,화이트,NULL,NULL,NULL,NULL
796,1058,184606,"퍼니트랜드 엔틱가구 버클럼 228 북 책꽂이 콘솔, 단품",219000,303098178,False,0,,,False,퍼니트랜드,0,,NULL,NULL,NULL,NULL,NULL,NULL
797,1060,184606,"[데코라인] 코넬 올리비아 600 화장대 세트 DDV018, 색상:오크",103550,4541222993,False,34,,,False,데코라인,0,,NULL,NULL,NULL,NULL,NULL,NULL
798,1061,184606,"[삼익가구]헤딘 대형거울 화장대 세트, 화이트",94900,203500434,False,49,4.0,10.0,False,삼익가구,착불배송,5.0,NULL,화이트,NULL,모던/심플,NULL,NULL
799,1062,184606,"소피아 800 화장대(스툴제외), 멀바우",61900,334166471,False,48,4.0,5.0,False,라자가구,착불배송,3.0,NULL,NULL,NULL,NULL,NULL,NULL
800,1064,184606,"북유럽 공주풍 수납많은 하트 엔틱 콘솔 화장대 세트 입식 미니 책상 서랍장 명품 원목 신혼가구, 80cm 화장대 스툴",199000,4628588698,False,0,5.0,1.0,False,,0,1.0,NULL,화이트,NULL,클래식/엔틱,스툴 있음,NULL
801,1065,184606,"솔로리빙 리세트 고정형 화장대 set 화장대세트 침실화장대 화장품정리 드레스룸 드레스룸화장대 서랍장 수납장, 올그레이",289900,1977231384,False,12,4.5,2.0,False,솔로리빙,착불배송,2.0,NULL,NULL,NULL,NULL,NULL,NULL
802,1066,184606,"공간활용 모서리 화장대 코너 틈새 화이트 핑크 공간활용, 블루 테이블+화장대 거울+라운드 스툴",209700,5401047122,False,41,,,False,,"35,000",,NULL,NULL,NULL,NULL,NULL,NULL
803,1067,184606,"인디우드 LPM 멀티 수납 화장대 1000, 멀바우",179000,1977158900,False,21,4.5,3.0,False,인디우드,0,3.0,NULL,NULL,NULL,NULL,NULL,NULL
804,1068,184606,"포스트모던 북유럽 대리석 철제 현관 테이블 거실 골드 화장대 콘솔, 80x30x80(블랙 대리석)",123700,5065352346,False,0,,,False,,0,,NULL,NULL,NULL,NULL,NULL,NULL
805,1069,184606,"DT9864 필웰 무노 대형 전신거울 400 (선반증정), 화이트",42750,1917627236,False,5,,,False,필웰,0,,NULL,NULL,NULL,NULL,NULL,NULL
806,1070,184606,"준우드 로옹 LPM 전신거울300 높이1600 초대형 전신 거울 블랙/화이트/브라운, 로옹LPM300_메이플",20370,4881933385,False,0,,,False,,"4,000",,NULL,NULL,NULL,NULL,NULL,NULL
807,1071,184606,"[동서가구/착불]healing W 선반화장대 DFAC4529, 화이트 사각형거울",99000,7729587,False,33,5.0,1.0,False,동서가구,착불배송,,NULL,화이트,합성목재,NULL,스툴 있음,거울 있음
808,1072,184606,"모드니 LPM 확장형 수납화장대 풀세트 거울 스툴 포함, 내츄럴(사각의자)",139000,5202654513,False,0,5.0,1.0,False,,착불배송,1.0,NULL,NULL,NULL,NULL,스툴 있음,NULL
809,1073,184606,"동서가구 착불 리온 800 좌식 거울 화장대 DF918528, 그레이",47900,2206702921,False,27,,,False,동서가구,착불배송,,NULL,NULL,NULL,NULL,NULL,NULL
810,1074,184606,"포메리트 삼나무 멀티 와이드 경사화장대, 1개",33220,1167781,True,33,4.0,18.0,False,포메리트,0,,NULL,베이지,원목,NULL,스툴 없음,거울 있음
811,1075,184606,"일룸 미엘 컴팩트 화장대, 뉴트럴밤나무(NCCBGM)",262000,1848314467,False,0,,,False,일룸,0,,NULL,NULL,NULL,NULL,NULL,NULL
812,1076,184606,"아이엘컴퍼니 다용도 3단 선반 신발정리대, one color free",19900,2321075561,False,59,,,False,,0,,NULL,NULL,NULL,NULL,NULL,NULL
813,1079,184606,"퍼니아트 폭조절 와이드체스트 겸 화장대 gaheyn-011, 오크화이트",163000,1429828,False,0,,,False,퍼니아트,착불배송,,NULL,브라운,합성목재,NULL,스툴 없음,NULL
